# CELL file written 12:16:52 (GMT-0.0) 28th November 2017 from run ./castep-calcs/LZO/geom-cell/La2Zr2O7

%BLOCK lattice_cart
   ANG
       7.58391281300135       0.184127921094826E-31    0.00000000000000    
       3.79195640649571        3.79195640649571        5.36263617800006    
       3.79195640649571       -3.79195640649571        5.36263617800006    
%ENDBLOCK lattice_cart

%BLOCK cell_constraints
      1   1   1
      0   0   0
%ENDBLOCK cell_constraints

%BLOCK positions_frac
   O              0.125000000000000       0.125000000000000       0.125000000000000
   O              0.875000000000000       0.875000000000000       0.875000000000000
   O              0.418619427458359       0.418619427458359       0.831380572541641
   O              0.831380572541641       0.831380572541641       0.418619427458359
   O              0.418619427458359       0.831380572541641       0.418619427458359
   O              0.831380572541641       0.418619427458359       0.831380572541641
   O              0.831380572541641       0.418619427458359       0.418619427458359
   O              0.418619427458359       0.831380572541641       0.831380572541641
   O              0.168619427458359       0.581380572541641       0.168619427458359
   O              0.581380572541641       0.168619427458359       0.581380572541641
   O              0.168619427458359       0.168619427458359       0.581380572541641
   O              0.581380572541641       0.581380572541641       0.168619427458359
   O              0.168619427458359       0.581380572541641       0.581380572541641
   O              0.581380572541641       0.168619427458359       0.168619427458359
   Zr             0.500000000000000       0.500000000000000       0.500000000000000
   Zr             0.000000000000000       0.500000000000000       0.500000000000000
   Zr             0.500000000000000       0.000000000000000       0.500000000000000
   Zr             0.500000000000000       0.500000000000000       0.000000000000000
   La             0.000000000000000       0.000000000000000       0.000000000000000
   La             0.500000000000000       0.000000000000000       0.000000000000000
   La             0.000000000000000       0.500000000000000       0.000000000000000
   La             0.000000000000000       0.000000000000000       0.500000000000000
%ENDBLOCK positions_frac

FIX_COM : true

%BLOCK species_pot
   O       2|1.1|15|18|20|20:21(qc=7)
   Zr      3|2.1|7|8|9|40U:50:41:42
   La      2|2.3|5|6|7|50U:60:51:52(qc=4.5)
%ENDBLOCK species_pot

SYMMETRY_TOL :     0.001000

%BLOCK symmetry_ops
# Symm. op. 1       E
          1.000000000000000       0.000000000000000       0.000000000000000
          0.000000000000000       1.000000000000000       0.000000000000000
          0.000000000000000       0.000000000000000       1.000000000000000
          0.000000000000000       0.000000000000000       0.000000000000000
# Symm. op. 2     4_1
          0.499999999999346      -0.499999999999346       0.707106781186451
         -0.500000000001308       0.500000000000000       0.707106781187376
         -0.707106781186182      -0.707106781186182       0.000000000000654
         -0.000000000000000       1.000000000000000       0.500000000000000
# Symm. op. 3       2
          0.000000000000000      -0.999999999998692       0.000000000000000
         -1.000000000001308       0.000000000000000       0.000000000000000
          0.000000000000925      -0.000000000000925      -1.000000000000000
         -0.000000000000000       0.500000000000000       1.000000000000000
# Symm. op. 4     4_1
          0.500000000000654      -0.499999999999346      -0.707106781186451
         -0.500000000000000       0.500000000000000      -0.707106781187376
          0.707106781187107       0.707106781185257      -0.000000000000654
          0.500000000000000      -0.000000000000000      -0.000000000000000
# Symm. op. 5       2
         -1.000000000000000       0.000000000000000       0.000000000000000
          0.000000000000000      -1.000000000000000       0.000000000000000
         -0.000000000001850       0.000000000000000       1.000000000000000
          0.500000000000000      -0.000000000000000       1.000000000000000
# Symm. op. 6     2_1
         -0.500000000000654       0.499999999999346       0.707106781186451
          0.500000000000000      -0.500000000000000       0.707106781187376
          0.707106781186182       0.707106781186182       0.000000000000654
         -0.000000000000000       0.500000000000000       1.000000000000000
# Symm. op. 7       2
          0.000000000000000       0.999999999998692       0.000000000000000
          1.000000000001308       0.000000000000000       0.000000000000000
          0.000000000000925       0.000000000000925      -1.000000000000000
         -0.000000000000000       0.000000000000000       0.500000000000000
# Symm. op. 8       2
         -0.499999999999346       0.499999999999346      -0.707106781186451
          0.500000000001308      -0.500000000000000      -0.707106781187376
         -0.707106781187107      -0.707106781185257      -0.000000000000654
         -0.000000000000000      -0.000000000000000      -0.000000000000000
# Symm. op. 9       3
         -0.500000000000654       0.499999999999346       0.707106781186451
         -0.500000000000000       0.500000000000000      -0.707106781187376
         -0.707106781187107      -0.707106781185257       0.000000000000654
          0.500000000000000       0.000000000000000       0.000000000000000
# Symm. op. 10    2_1
         -0.500000000000654      -0.499999999999346       0.707106781186451
         -0.500000000000000      -0.500000000000000      -0.707106781187376
          0.707106781186182      -0.707106781186182       0.000000000000654
          1.000000000000000      -0.000000000000000       0.500000000000000
# Symm. op. 11      3
          0.499999999999346      -0.499999999999346       0.707106781186451
          0.500000000001308      -0.500000000000000      -0.707106781187376
          0.707106781187107       0.707106781185257       0.000000000000654
          1.000000000000000      -0.000000000000000       0.000000000000000
# Symm. op. 12    4_1
          0.499999999999346       0.499999999999346       0.707106781186451
          0.500000000001308       0.500000000000000      -0.707106781187376
         -0.707106781186182       0.707106781186182       0.000000000000654
         -0.000000000000000       0.500000000000000      -0.000000000000000
# Symm. op. 13      3
          0.500000000000654      -0.499999999999346      -0.707106781186451
          0.500000000000000      -0.500000000000000       0.707106781187376
         -0.707106781186182      -0.707106781186182      -0.000000000000654
          0.000000000000000       0.500000000000000       1.000000000000000
# Symm. op. 14      2
         -0.499999999999346      -0.499999999999346      -0.707106781186451
         -0.500000000001308      -0.500000000000000       0.707106781187376
         -0.707106781187107       0.707106781185257      -0.000000000000654
          1.000000000000000      -0.000000000000000      -0.000000000000000
# Symm. op. 15      3
         -0.499999999999346       0.499999999999346      -0.707106781186451
         -0.500000000001308       0.500000000000000       0.707106781187376
          0.707106781186182       0.707106781186182      -0.000000000000654
         -0.000000000000000       0.000000000000000       0.500000000000000
# Symm. op. 16    4_1
          0.500000000000654       0.499999999999346      -0.707106781186451
          0.500000000000000       0.500000000000000       0.707106781187376
          0.707106781187107      -0.707106781185257      -0.000000000000654
          0.500000000000000       1.000000000000000      -0.000000000000000
# Symm. op. 17      3
         -0.499999999999346      -0.499999999999346      -0.707106781186451
          0.500000000001308       0.500000000000000      -0.707106781187376
          0.707106781186182      -0.707106781186182      -0.000000000000654
         -0.000000000000000       0.500000000000000       0.000000000000000
# Symm. op. 18    4_1
          0.000000000000000      -0.999999999998692       0.000000000000000
          1.000000000001308       0.000000000000000       0.000000000000000
         -0.000000000000925      -0.000000000000925       1.000000000000000
         -0.000000000000000      -0.000000000000000       0.500000000000000
# Symm. op. 19      3
         -0.500000000000654      -0.499999999999346       0.707106781186451
          0.500000000000000       0.500000000000000       0.707106781187376
         -0.707106781187107       0.707106781185257       0.000000000000654
          0.500000000000000       0.000000000000000       1.000000000000000
# Symm. op. 20      2
         -1.000000000000000       0.000000000000000       0.000000000000000
          0.000000000000000       1.000000000000000       0.000000000000000
          0.000000000000000       0.000000000000000      -1.000000000000000
         -0.000000000000000      -0.000000000000000      -0.000000000000000
# Symm. op. 21      3
          0.499999999999346       0.499999999999346       0.707106781186451
         -0.500000000001308      -0.500000000000000       0.707106781187376
          0.707106781187107      -0.707106781185257       0.000000000000654
         -0.000000000000000       0.000000000000000       1.000000000000000
# Symm. op. 22    2_1
          1.000000000000000       0.000000000000000       0.000000000000000
          0.000000000000000      -1.000000000000000       0.000000000000000
          0.000000000001850       0.000000000000000      -1.000000000000000
          0.500000000000000      -0.000000000000000       1.000000000000000
# Symm. op. 23      3
          0.500000000000654       0.499999999999346      -0.707106781186451
         -0.500000000000000      -0.500000000000000      -0.707106781187376
         -0.707106781186182       0.707106781186182      -0.000000000000654
          0.000000000000000      -0.000000000000000       0.500000000000000
# Symm. op. 24    4_1
          0.000000000000000       0.999999999998692       0.000000000000000
         -1.000000000001308       0.000000000000000       0.000000000000000
         -0.000000000000925       0.000000000000925       1.000000000000000
          1.000000000000000       0.500000000000000      -0.000000000000000
# Symm. op. 25      I
         -1.000000000000000       0.000000000000000       0.000000000000000
          0.000000000000000      -1.000000000000000       0.000000000000000
          0.000000000000000       0.000000000000000      -1.000000000000000
         -0.000000000000000      -0.000000000000000       1.000000000000000
# Symm. op. 26     -4
         -0.499999999999346       0.499999999999346      -0.707106781186451
          0.500000000001308      -0.500000000000000      -0.707106781187376
          0.707106781186182       0.707106781186182      -0.000000000000654
          1.000000000000000      -0.000000000000000       0.500000000000000
# Symm. op. 27      d
          0.000000000000000       0.999999999998692       0.000000000000000
          1.000000000001308       0.000000000000000       0.000000000000000
         -0.000000000000925       0.000000000000925       1.000000000000000
         -0.000000000000000       0.500000000000000      -0.000000000000000
# Symm. op. 28     -4
         -0.500000000000654       0.499999999999346       0.707106781186451
          0.500000000000000      -0.500000000000000       0.707106781187376
         -0.707106781187107      -0.707106781185257       0.000000000000654
          0.500000000000000       0.000000000000000       1.000000000000000
# Symm. op. 29      d
          1.000000000000000       0.000000000000000       0.000000000000000
          0.000000000000000       1.000000000000000       0.000000000000000
          0.000000000001850       0.000000000000000      -1.000000000000000
          0.500000000000000      -0.000000000000000       1.000000000000000
# Symm. op. 30      m
          0.500000000000654      -0.499999999999346      -0.707106781186451
         -0.500000000000000       0.500000000000000      -0.707106781187376
         -0.707106781186182      -0.707106781186182      -0.000000000000654
          0.000000000000000       0.500000000000000       0.000000000000000
# Symm. op. 31      d
          0.000000000000000      -0.999999999998692       0.000000000000000
         -1.000000000001308       0.000000000000000       0.000000000000000
         -0.000000000000925      -0.000000000000925       1.000000000000000
         -0.000000000000000       1.000000000000000       0.500000000000000
# Symm. op. 32      m
          0.499999999999346      -0.499999999999346       0.707106781186451
         -0.500000000001308       0.500000000000000       0.707106781187376
          0.707106781187107       0.707106781185257       0.000000000000654
         -0.000000000000000       0.000000000000000       1.000000000000000
# Symm. op. 33     -3
          0.500000000000654      -0.499999999999346      -0.707106781186451
          0.500000000000000      -0.500000000000000       0.707106781187376
          0.707106781187107       0.707106781185257      -0.000000000000654
          0.500000000000000      -0.000000000000000       1.000000000000000
# Symm. op. 34      m
          0.500000000000654       0.499999999999346      -0.707106781186451
          0.500000000000000       0.500000000000000       0.707106781187376
         -0.707106781186182       0.707106781186182      -0.000000000000654
          0.000000000000000       0.000000000000000       0.500000000000000
# Symm. op. 35     -3
         -0.499999999999346       0.499999999999346      -0.707106781186451
         -0.500000000001308       0.500000000000000       0.707106781187376
         -0.707106781187107      -0.707106781185257      -0.000000000000654
         -0.000000000000000       1.000000000000000      -0.000000000000000
# Symm. op. 36     -4
         -0.499999999999346      -0.499999999999346      -0.707106781186451
         -0.500000000001308      -0.500000000000000       0.707106781187376
          0.707106781186182      -0.707106781186182      -0.000000000000654
          1.000000000000000       0.500000000000000       1.000000000000000
# Symm. op. 37     -3
         -0.500000000000654       0.499999999999346       0.707106781186451
         -0.500000000000000       0.500000000000000      -0.707106781187376
          0.707106781186182       0.707106781186182       0.000000000000654
          1.000000000000000       0.500000000000000      -0.000000000000000
# Symm. op. 38      m
          0.499999999999346       0.499999999999346       0.707106781186451
          0.500000000001308       0.500000000000000      -0.707106781187376
          0.707106781187107      -0.707106781185257       0.000000000000654
         -0.000000000000000       0.000000000000000       0.000000000000000
# Symm. op. 39     -3
          0.499999999999346      -0.499999999999346       0.707106781186451
          0.500000000001308      -0.500000000000000      -0.707106781187376
         -0.707106781186182      -0.707106781186182       0.000000000000654
         -0.000000000000000      -0.000000000000000       0.500000000000000
# Symm. op. 40     -4
         -0.500000000000654      -0.499999999999346       0.707106781186451
         -0.500000000000000      -0.500000000000000      -0.707106781187376
         -0.707106781187107       0.707106781185257       0.000000000000654
          0.500000000000000      -0.000000000000000       1.000000000000000
# Symm. op. 41     -3
          0.499999999999346       0.499999999999346       0.707106781186451
         -0.500000000001308      -0.500000000000000       0.707106781187376
         -0.707106781186182       0.707106781186182       0.000000000000654
         -0.000000000000000       0.500000000000000       1.000000000000000
# Symm. op. 42     -4
          0.000000000000000       0.999999999998692       0.000000000000000
         -1.000000000001308       0.000000000000000       0.000000000000000
          0.000000000000925       0.000000000000925      -1.000000000000000
         -0.000000000000000       0.000000000000000       0.500000000000000
# Symm. op. 43     -3
          0.500000000000654       0.499999999999346      -0.707106781186451
         -0.500000000000000      -0.500000000000000      -0.707106781187376
          0.707106781187107      -0.707106781185257      -0.000000000000654
          0.500000000000000      -0.000000000000000      -0.000000000000000
# Symm. op. 44      m
          1.000000000000000       0.000000000000000       0.000000000000000
          0.000000000000000      -1.000000000000000       0.000000000000000
          0.000000000000000       0.000000000000000       1.000000000000000
          0.000000000000000      -0.000000000000000       0.000000000000000
# Symm. op. 45     -3
         -0.499999999999346      -0.499999999999346      -0.707106781186451
          0.500000000001308       0.500000000000000      -0.707106781187376
         -0.707106781187107       0.707106781185257      -0.000000000000654
         -0.000000000000000      -0.000000000000000      -0.000000000000000
# Symm. op. 46      m
         -1.000000000000000       0.000000000000000       0.000000000000000
          0.000000000000000       1.000000000000000       0.000000000000000
         -0.000000000001850       0.000000000000000       1.000000000000000
          0.500000000000000       0.000000000000000       0.000000000000000
# Symm. op. 47     -3
         -0.500000000000654      -0.499999999999346       0.707106781186451
          0.500000000000000       0.500000000000000       0.707106781187376
          0.707106781186182      -0.707106781186182       0.000000000000654
         -0.000000000000000      -0.000000000000000       0.500000000000000
# Symm. op. 48     -4
          0.000000000000000      -0.999999999998692       0.000000000000000
          1.000000000001308       0.000000000000000       0.000000000000000
          0.000000000000925      -0.000000000000925      -1.000000000000000
         -0.000000000000000       0.500000000000000       1.000000000000000
%ENDBLOCK symmetry_ops

%block phonon_supercell_matrix
1 1 -1
1 -1 1
-1 1 1
%endblock phonon_supercell_matrix

kpoint_mp_grid :    4   4   4

supercell_kpoint_mp_grid  4 4 4

phonon_kpoint_mp_grid: 4 4 4

#phonon_fine_kpoint_mp_grid: 6 6 6

%block phonon_fine_kpoint_list
-8.000 8.000 -2.000
-7.975 7.975 -2.000
-7.950 7.950 -2.000
-7.925 7.925 -2.000
-7.900 7.900 -2.000
-7.875 7.875 -2.000
-7.850 7.850 -2.000
-7.825 7.825 -2.000
-7.800 7.800 -2.000
-7.775 7.775 -2.000
-7.750 7.750 -2.000
-7.725 7.725 -2.000
-7.700 7.700 -2.000
-7.675 7.675 -2.000
-7.650 7.650 -2.000
-7.625 7.625 -2.000
-7.600 7.600 -2.000
-7.575 7.575 -2.000
-7.550 7.550 -2.000
-7.525 7.525 -2.000
-7.500 7.500 -2.000
-7.475 7.475 -2.000
-7.450 7.450 -2.000
-7.425 7.425 -2.000
-7.400 7.400 -2.000
-7.375 7.375 -2.000
-7.350 7.350 -2.000
-7.325 7.325 -2.000
-7.300 7.300 -2.000
-7.275 7.275 -2.000
-7.250 7.250 -2.000
-7.225 7.225 -2.000
-7.200 7.200 -2.000
-7.175 7.175 -2.000
-7.150 7.150 -2.000
-7.125 7.125 -2.000
-7.100 7.100 -2.000
-7.075 7.075 -2.000
-7.050 7.050 -2.000
-7.025 7.025 -2.000
-7.000 7.000 -2.000
-6.975 6.975 -2.000
-6.950 6.950 -2.000
-6.925 6.925 -2.000
-6.900 6.900 -2.000
-6.875 6.875 -2.000
-6.850 6.850 -2.000
-6.825 6.825 -2.000
-6.800 6.800 -2.000
-6.775 6.775 -2.000
-6.750 6.750 -2.000
-6.725 6.725 -2.000
-6.700 6.700 -2.000
-6.675 6.675 -2.000
-6.650 6.650 -2.000
-6.625 6.625 -2.000
-6.600 6.600 -2.000
-6.575 6.575 -2.000
-6.550 6.550 -2.000
-6.525 6.525 -2.000
-6.500 6.500 -2.000
-6.475 6.475 -2.000
-6.450 6.450 -2.000
-6.425 6.425 -2.000
-6.400 6.400 -2.000
-6.375 6.375 -2.000
-6.350 6.350 -2.000
-6.325 6.325 -2.000
-6.300 6.300 -2.000
-6.275 6.275 -2.000
-6.250 6.250 -2.000
-6.225 6.225 -2.000
-6.200 6.200 -2.000
-6.175 6.175 -2.000
-6.150 6.150 -2.000
-6.125 6.125 -2.000
-6.100 6.100 -2.000
-6.075 6.075 -2.000
-6.050 6.050 -2.000
-6.025 6.025 -2.000
-6.000 6.000 -2.000
-5.975 5.975 -2.000
-5.950 5.950 -2.000
-5.925 5.925 -2.000
-5.900 5.900 -2.000
-5.875 5.875 -2.000
-5.850 5.850 -2.000
-5.825 5.825 -2.000
-5.800 5.800 -2.000
-5.775 5.775 -2.000
-5.750 5.750 -2.000
-5.725 5.725 -2.000
-5.700 5.700 -2.000
-5.675 5.675 -2.000
-5.650 5.650 -2.000
-5.625 5.625 -2.000
-5.600 5.600 -2.000
-5.575 5.575 -2.000
-5.550 5.550 -2.000
-5.525 5.525 -2.000
-5.500 5.500 -2.000
-5.475 5.475 -2.000
-5.450 5.450 -2.000
-5.425 5.425 -2.000
-5.400 5.400 -2.000
-5.375 5.375 -2.000
-5.350 5.350 -2.000
-5.325 5.325 -2.000
-5.300 5.300 -2.000
-5.275 5.275 -2.000
-5.250 5.250 -2.000
-5.225 5.225 -2.000
-5.200 5.200 -2.000
-5.175 5.175 -2.000
-5.150 5.150 -2.000
-5.125 5.125 -2.000
-5.100 5.100 -2.000
-5.075 5.075 -2.000
-5.050 5.050 -2.000
-5.025 5.025 -2.000
-5.000 5.000 -2.000
-4.975 4.975 -2.000
-4.950 4.950 -2.000
-4.925 4.925 -2.000
-4.900 4.900 -2.000
-4.875 4.875 -2.000
-4.850 4.850 -2.000
-4.825 4.825 -2.000
-4.800 4.800 -2.000
-4.775 4.775 -2.000
-4.750 4.750 -2.000
-4.725 4.725 -2.000
-4.700 4.700 -2.000
-4.675 4.675 -2.000
-4.650 4.650 -2.000
-4.625 4.625 -2.000
-4.600 4.600 -2.000
-4.575 4.575 -2.000
-4.550 4.550 -2.000
-4.525 4.525 -2.000
-4.500 4.500 -2.000
-4.475 4.475 -2.000
-4.450 4.450 -2.000
-4.425 4.425 -2.000
-4.400 4.400 -2.000
-4.375 4.375 -2.000
-4.350 4.350 -2.000
-4.325 4.325 -2.000
-4.300 4.300 -2.000
-4.275 4.275 -2.000
-4.250 4.250 -2.000
-4.225 4.225 -2.000
-4.200 4.200 -2.000
-4.175 4.175 -2.000
-4.150 4.150 -2.000
-4.125 4.125 -2.000
-4.100 4.100 -2.000
-4.075 4.075 -2.000
-4.050 4.050 -2.000
-4.025 4.025 -2.000
%endblock phonon_fine_kpoint_list

#phonon_fine_KPOINT_PATH_SPACING : 0.02
