# CELL file written 12:16:52 (GMT-0.0) 28th November 2017 from run ./castep-calcs/LZO/geom-cell/La2Zr2O7

%BLOCK lattice_cart
   ANG
       7.58391281300135       0.184127921094826E-31    0.00000000000000    
       3.79195640649571        3.79195640649571        5.36263617800006    
       3.79195640649571       -3.79195640649571        5.36263617800006    
%ENDBLOCK lattice_cart

%BLOCK cell_constraints
      1   1   1
      0   0   0
%ENDBLOCK cell_constraints

%BLOCK positions_frac
   O              0.125000000000000       0.125000000000000       0.125000000000000
   O              0.875000000000000       0.875000000000000       0.875000000000000
   O              0.418619427458359       0.418619427458359       0.831380572541641
   O              0.831380572541641       0.831380572541641       0.418619427458359
   O              0.418619427458359       0.831380572541641       0.418619427458359
   O              0.831380572541641       0.418619427458359       0.831380572541641
   O              0.831380572541641       0.418619427458359       0.418619427458359
   O              0.418619427458359       0.831380572541641       0.831380572541641
   O              0.168619427458359       0.581380572541641       0.168619427458359
   O              0.581380572541641       0.168619427458359       0.581380572541641
   O              0.168619427458359       0.168619427458359       0.581380572541641
   O              0.581380572541641       0.581380572541641       0.168619427458359
   O              0.168619427458359       0.581380572541641       0.581380572541641
   O              0.581380572541641       0.168619427458359       0.168619427458359
   Zr             0.500000000000000       0.500000000000000       0.500000000000000
   Zr             0.000000000000000       0.500000000000000       0.500000000000000
   Zr             0.500000000000000       0.000000000000000       0.500000000000000
   Zr             0.500000000000000       0.500000000000000       0.000000000000000
   La             0.000000000000000       0.000000000000000       0.000000000000000
   La             0.500000000000000       0.000000000000000       0.000000000000000
   La             0.000000000000000       0.500000000000000       0.000000000000000
   La             0.000000000000000       0.000000000000000       0.500000000000000
%ENDBLOCK positions_frac

FIX_COM : true

%BLOCK species_pot
   O       2|1.1|15|18|20|20:21(qc=7)
   Zr      3|2.1|7|8|9|40U:50:41:42
   La      2|2.3|5|6|7|50U:60:51:52(qc=4.5)
%ENDBLOCK species_pot

SYMMETRY_TOL :     0.001000

%BLOCK symmetry_ops
# Symm. op. 1       E
          1.000000000000000       0.000000000000000       0.000000000000000
          0.000000000000000       1.000000000000000       0.000000000000000
          0.000000000000000       0.000000000000000       1.000000000000000
          0.000000000000000       0.000000000000000       0.000000000000000
# Symm. op. 2     4_1
          0.499999999999346      -0.499999999999346       0.707106781186451
         -0.500000000001308       0.500000000000000       0.707106781187376
         -0.707106781186182      -0.707106781186182       0.000000000000654
         -0.000000000000000       1.000000000000000       0.500000000000000
# Symm. op. 3       2
          0.000000000000000      -0.999999999998692       0.000000000000000
         -1.000000000001308       0.000000000000000       0.000000000000000
          0.000000000000925      -0.000000000000925      -1.000000000000000
         -0.000000000000000       0.500000000000000       1.000000000000000
# Symm. op. 4     4_1
          0.500000000000654      -0.499999999999346      -0.707106781186451
         -0.500000000000000       0.500000000000000      -0.707106781187376
          0.707106781187107       0.707106781185257      -0.000000000000654
          0.500000000000000      -0.000000000000000      -0.000000000000000
# Symm. op. 5       2
         -1.000000000000000       0.000000000000000       0.000000000000000
          0.000000000000000      -1.000000000000000       0.000000000000000
         -0.000000000001850       0.000000000000000       1.000000000000000
          0.500000000000000      -0.000000000000000       1.000000000000000
# Symm. op. 6     2_1
         -0.500000000000654       0.499999999999346       0.707106781186451
          0.500000000000000      -0.500000000000000       0.707106781187376
          0.707106781186182       0.707106781186182       0.000000000000654
         -0.000000000000000       0.500000000000000       1.000000000000000
# Symm. op. 7       2
          0.000000000000000       0.999999999998692       0.000000000000000
          1.000000000001308       0.000000000000000       0.000000000000000
          0.000000000000925       0.000000000000925      -1.000000000000000
         -0.000000000000000       0.000000000000000       0.500000000000000
# Symm. op. 8       2
         -0.499999999999346       0.499999999999346      -0.707106781186451
          0.500000000001308      -0.500000000000000      -0.707106781187376
         -0.707106781187107      -0.707106781185257      -0.000000000000654
         -0.000000000000000      -0.000000000000000      -0.000000000000000
# Symm. op. 9       3
         -0.500000000000654       0.499999999999346       0.707106781186451
         -0.500000000000000       0.500000000000000      -0.707106781187376
         -0.707106781187107      -0.707106781185257       0.000000000000654
          0.500000000000000       0.000000000000000       0.000000000000000
# Symm. op. 10    2_1
         -0.500000000000654      -0.499999999999346       0.707106781186451
         -0.500000000000000      -0.500000000000000      -0.707106781187376
          0.707106781186182      -0.707106781186182       0.000000000000654
          1.000000000000000      -0.000000000000000       0.500000000000000
# Symm. op. 11      3
          0.499999999999346      -0.499999999999346       0.707106781186451
          0.500000000001308      -0.500000000000000      -0.707106781187376
          0.707106781187107       0.707106781185257       0.000000000000654
          1.000000000000000      -0.000000000000000       0.000000000000000
# Symm. op. 12    4_1
          0.499999999999346       0.499999999999346       0.707106781186451
          0.500000000001308       0.500000000000000      -0.707106781187376
         -0.707106781186182       0.707106781186182       0.000000000000654
         -0.000000000000000       0.500000000000000      -0.000000000000000
# Symm. op. 13      3
          0.500000000000654      -0.499999999999346      -0.707106781186451
          0.500000000000000      -0.500000000000000       0.707106781187376
         -0.707106781186182      -0.707106781186182      -0.000000000000654
          0.000000000000000       0.500000000000000       1.000000000000000
# Symm. op. 14      2
         -0.499999999999346      -0.499999999999346      -0.707106781186451
         -0.500000000001308      -0.500000000000000       0.707106781187376
         -0.707106781187107       0.707106781185257      -0.000000000000654
          1.000000000000000      -0.000000000000000      -0.000000000000000
# Symm. op. 15      3
         -0.499999999999346       0.499999999999346      -0.707106781186451
         -0.500000000001308       0.500000000000000       0.707106781187376
          0.707106781186182       0.707106781186182      -0.000000000000654
         -0.000000000000000       0.000000000000000       0.500000000000000
# Symm. op. 16    4_1
          0.500000000000654       0.499999999999346      -0.707106781186451
          0.500000000000000       0.500000000000000       0.707106781187376
          0.707106781187107      -0.707106781185257      -0.000000000000654
          0.500000000000000       1.000000000000000      -0.000000000000000
# Symm. op. 17      3
         -0.499999999999346      -0.499999999999346      -0.707106781186451
          0.500000000001308       0.500000000000000      -0.707106781187376
          0.707106781186182      -0.707106781186182      -0.000000000000654
         -0.000000000000000       0.500000000000000       0.000000000000000
# Symm. op. 18    4_1
          0.000000000000000      -0.999999999998692       0.000000000000000
          1.000000000001308       0.000000000000000       0.000000000000000
         -0.000000000000925      -0.000000000000925       1.000000000000000
         -0.000000000000000      -0.000000000000000       0.500000000000000
# Symm. op. 19      3
         -0.500000000000654      -0.499999999999346       0.707106781186451
          0.500000000000000       0.500000000000000       0.707106781187376
         -0.707106781187107       0.707106781185257       0.000000000000654
          0.500000000000000       0.000000000000000       1.000000000000000
# Symm. op. 20      2
         -1.000000000000000       0.000000000000000       0.000000000000000
          0.000000000000000       1.000000000000000       0.000000000000000
          0.000000000000000       0.000000000000000      -1.000000000000000
         -0.000000000000000      -0.000000000000000      -0.000000000000000
# Symm. op. 21      3
          0.499999999999346       0.499999999999346       0.707106781186451
         -0.500000000001308      -0.500000000000000       0.707106781187376
          0.707106781187107      -0.707106781185257       0.000000000000654
         -0.000000000000000       0.000000000000000       1.000000000000000
# Symm. op. 22    2_1
          1.000000000000000       0.000000000000000       0.000000000000000
          0.000000000000000      -1.000000000000000       0.000000000000000
          0.000000000001850       0.000000000000000      -1.000000000000000
          0.500000000000000      -0.000000000000000       1.000000000000000
# Symm. op. 23      3
          0.500000000000654       0.499999999999346      -0.707106781186451
         -0.500000000000000      -0.500000000000000      -0.707106781187376
         -0.707106781186182       0.707106781186182      -0.000000000000654
          0.000000000000000      -0.000000000000000       0.500000000000000
# Symm. op. 24    4_1
          0.000000000000000       0.999999999998692       0.000000000000000
         -1.000000000001308       0.000000000000000       0.000000000000000
         -0.000000000000925       0.000000000000925       1.000000000000000
          1.000000000000000       0.500000000000000      -0.000000000000000
# Symm. op. 25      I
         -1.000000000000000       0.000000000000000       0.000000000000000
          0.000000000000000      -1.000000000000000       0.000000000000000
          0.000000000000000       0.000000000000000      -1.000000000000000
         -0.000000000000000      -0.000000000000000       1.000000000000000
# Symm. op. 26     -4
         -0.499999999999346       0.499999999999346      -0.707106781186451
          0.500000000001308      -0.500000000000000      -0.707106781187376
          0.707106781186182       0.707106781186182      -0.000000000000654
          1.000000000000000      -0.000000000000000       0.500000000000000
# Symm. op. 27      d
          0.000000000000000       0.999999999998692       0.000000000000000
          1.000000000001308       0.000000000000000       0.000000000000000
         -0.000000000000925       0.000000000000925       1.000000000000000
         -0.000000000000000       0.500000000000000      -0.000000000000000
# Symm. op. 28     -4
         -0.500000000000654       0.499999999999346       0.707106781186451
          0.500000000000000      -0.500000000000000       0.707106781187376
         -0.707106781187107      -0.707106781185257       0.000000000000654
          0.500000000000000       0.000000000000000       1.000000000000000
# Symm. op. 29      d
          1.000000000000000       0.000000000000000       0.000000000000000
          0.000000000000000       1.000000000000000       0.000000000000000
          0.000000000001850       0.000000000000000      -1.000000000000000
          0.500000000000000      -0.000000000000000       1.000000000000000
# Symm. op. 30      m
          0.500000000000654      -0.499999999999346      -0.707106781186451
         -0.500000000000000       0.500000000000000      -0.707106781187376
         -0.707106781186182      -0.707106781186182      -0.000000000000654
          0.000000000000000       0.500000000000000       0.000000000000000
# Symm. op. 31      d
          0.000000000000000      -0.999999999998692       0.000000000000000
         -1.000000000001308       0.000000000000000       0.000000000000000
         -0.000000000000925      -0.000000000000925       1.000000000000000
         -0.000000000000000       1.000000000000000       0.500000000000000
# Symm. op. 32      m
          0.499999999999346      -0.499999999999346       0.707106781186451
         -0.500000000001308       0.500000000000000       0.707106781187376
          0.707106781187107       0.707106781185257       0.000000000000654
         -0.000000000000000       0.000000000000000       1.000000000000000
# Symm. op. 33     -3
          0.500000000000654      -0.499999999999346      -0.707106781186451
          0.500000000000000      -0.500000000000000       0.707106781187376
          0.707106781187107       0.707106781185257      -0.000000000000654
          0.500000000000000      -0.000000000000000       1.000000000000000
# Symm. op. 34      m
          0.500000000000654       0.499999999999346      -0.707106781186451
          0.500000000000000       0.500000000000000       0.707106781187376
         -0.707106781186182       0.707106781186182      -0.000000000000654
          0.000000000000000       0.000000000000000       0.500000000000000
# Symm. op. 35     -3
         -0.499999999999346       0.499999999999346      -0.707106781186451
         -0.500000000001308       0.500000000000000       0.707106781187376
         -0.707106781187107      -0.707106781185257      -0.000000000000654
         -0.000000000000000       1.000000000000000      -0.000000000000000
# Symm. op. 36     -4
         -0.499999999999346      -0.499999999999346      -0.707106781186451
         -0.500000000001308      -0.500000000000000       0.707106781187376
          0.707106781186182      -0.707106781186182      -0.000000000000654
          1.000000000000000       0.500000000000000       1.000000000000000
# Symm. op. 37     -3
         -0.500000000000654       0.499999999999346       0.707106781186451
         -0.500000000000000       0.500000000000000      -0.707106781187376
          0.707106781186182       0.707106781186182       0.000000000000654
          1.000000000000000       0.500000000000000      -0.000000000000000
# Symm. op. 38      m
          0.499999999999346       0.499999999999346       0.707106781186451
          0.500000000001308       0.500000000000000      -0.707106781187376
          0.707106781187107      -0.707106781185257       0.000000000000654
         -0.000000000000000       0.000000000000000       0.000000000000000
# Symm. op. 39     -3
          0.499999999999346      -0.499999999999346       0.707106781186451
          0.500000000001308      -0.500000000000000      -0.707106781187376
         -0.707106781186182      -0.707106781186182       0.000000000000654
         -0.000000000000000      -0.000000000000000       0.500000000000000
# Symm. op. 40     -4
         -0.500000000000654      -0.499999999999346       0.707106781186451
         -0.500000000000000      -0.500000000000000      -0.707106781187376
         -0.707106781187107       0.707106781185257       0.000000000000654
          0.500000000000000      -0.000000000000000       1.000000000000000
# Symm. op. 41     -3
          0.499999999999346       0.499999999999346       0.707106781186451
         -0.500000000001308      -0.500000000000000       0.707106781187376
         -0.707106781186182       0.707106781186182       0.000000000000654
         -0.000000000000000       0.500000000000000       1.000000000000000
# Symm. op. 42     -4
          0.000000000000000       0.999999999998692       0.000000000000000
         -1.000000000001308       0.000000000000000       0.000000000000000
          0.000000000000925       0.000000000000925      -1.000000000000000
         -0.000000000000000       0.000000000000000       0.500000000000000
# Symm. op. 43     -3
          0.500000000000654       0.499999999999346      -0.707106781186451
         -0.500000000000000      -0.500000000000000      -0.707106781187376
          0.707106781187107      -0.707106781185257      -0.000000000000654
          0.500000000000000      -0.000000000000000      -0.000000000000000
# Symm. op. 44      m
          1.000000000000000       0.000000000000000       0.000000000000000
          0.000000000000000      -1.000000000000000       0.000000000000000
          0.000000000000000       0.000000000000000       1.000000000000000
          0.000000000000000      -0.000000000000000       0.000000000000000
# Symm. op. 45     -3
         -0.499999999999346      -0.499999999999346      -0.707106781186451
          0.500000000001308       0.500000000000000      -0.707106781187376
         -0.707106781187107       0.707106781185257      -0.000000000000654
         -0.000000000000000      -0.000000000000000      -0.000000000000000
# Symm. op. 46      m
         -1.000000000000000       0.000000000000000       0.000000000000000
          0.000000000000000       1.000000000000000       0.000000000000000
         -0.000000000001850       0.000000000000000       1.000000000000000
          0.500000000000000       0.000000000000000       0.000000000000000
# Symm. op. 47     -3
         -0.500000000000654      -0.499999999999346       0.707106781186451
          0.500000000000000       0.500000000000000       0.707106781187376
          0.707106781186182      -0.707106781186182       0.000000000000654
         -0.000000000000000      -0.000000000000000       0.500000000000000
# Symm. op. 48     -4
          0.000000000000000      -0.999999999998692       0.000000000000000
          1.000000000001308       0.000000000000000       0.000000000000000
          0.000000000000925      -0.000000000000925      -1.000000000000000
         -0.000000000000000       0.500000000000000       1.000000000000000
%ENDBLOCK symmetry_ops

%block phonon_supercell_matrix
1 1 -1
1 -1 1
-1 1 1
%endblock phonon_supercell_matrix

kpoint_mp_grid :    4   4   4

supercell_kpoint_mp_grid  4 4 4

phonon_kpoint_mp_grid: 4 4 4

#phonon_fine_kpoint_mp_grid: 6 6 6

%block phonon_fine_kpoint_list
-8,8,-2
-7.925,7.925,-2
-7.85,7.85,-2
-7.775,7.775,-2
-7.7,7.7,-2
-7.625,7.625,-2
-7.55,7.55,-2
-7.475,7.475,-2
-7.4,7.4,-2
-7.325,7.325,-2
-7.25,7.25,-2
-7.175,7.175,-2
-7.1,7.1,-2
-7.025,7.025,-2
-6.95,6.95,-2
-6.875,6.875,-2
-6.8,6.8,-2
-6.725,6.725,-2
-6.65,6.65,-2
-6.575,6.575,-2
-6.5,6.5,-2
-6.425,6.425,-2
-6.35,6.35,-2
-6.275,6.275,-2
-6.2,6.2,-2
-6.125,6.125,-2
-6.05,6.05,-2
-5.975,5.975,-2
-5.9,5.9,-2
-5.825,5.825,-2
-5.75,5.75,-2
-5.675,5.675,-2
-5.6,5.6,-2
-5.525,5.525,-2
-5.45,5.45,-2
-5.375,5.375,-2
-5.3,5.3,-2
-5.225,5.225,-2
-5.15,5.15,-2
-5.075,5.075,-2
-5,5,-2
-4.925,4.925,-2
-4.85,4.85,-2
-4.775,4.775,-2
-4.7,4.7,-2
-4.625,4.625,-2
-4.55,4.55,-2
-4.475,4.475,-2
-4.4,4.4,-2
-4.325,4.325,-2
-4.25,4.25,-2
-4.175,4.175,-2
-4.1,4.1,-2
-4.025,4.025,-2
%endblock phonon_fine_kpoint_list

#phonon_fine_KPOINT_PATH_SPACING : 0.02
