#
# CELL written by cell_write: Keith Refson, Oct 2006
#
%BLOCK lattice_cart
   ANG
       2.42617586816788       -4.20225987176430       0.00000000000000
       2.42617586816788        4.20225987176430       0.00000000000000
       0.00000000000000        0.00000000000000       5.35030448598545    
%ENDBLOCK lattice_cart

%BLOCK cell_constraints
      1   1   3
      0   0   0
%ENDBLOCK cell_constraints

%BLOCK positions_frac
   O              0.411708114524831       0.275681856821381       0.279407602909167
   O              0.724318143178620       0.136026257703450       0.946074269575834
   O              0.863973742296550       0.588291885475169       0.612740936242500
   O              0.136026257703450       0.724318143178620       0.053925730424166
   O              0.588291885475169       0.863973742296550       0.387259063757500
   O              0.275681856821381       0.411708114524831       0.720592397090833
   Si             0.464960105504908       0.000000000000000       0.166666666666667
   Si             0.000000000000000       0.464960105504908       0.833333333333333
   Si             0.535039894495092       0.535039894495092       0.500000000000000
%ENDBLOCK positions_frac

FIX_COM : true

%BLOCK species_pot
   O       o-optlda1.recpot
   Si      si-lda1.recpot
%ENDBLOCK species_pot

%BLOCK symmetry_ops
# Symm. op. 1       E
          1.000000000000000       0.000000000000000       0.000000000000000
          0.000000000000000       1.000000000000000       0.000000000000000
          0.000000000000000       0.000000000000000       1.000000000000000
          0.000000000000000       0.000000000000000       0.000000000000000
# Symm. op. 2     3_2
         -0.500000000000000       0.866025403784438       0.000000000000000
         -0.866025403784439      -0.500000000000000       0.000000000000000
          0.000000000000000       0.000000000000000       1.000000000000000
          0.000000000000000       0.000000000000000       0.666666666666667
# Symm. op. 3     3_1
         -0.500000000000000      -0.866025403784438       0.000000000000000
          0.866025403784439      -0.500000000000000       0.000000000000000
          0.000000000000000       0.000000000000000       1.000000000000000
          0.000000000000000       0.000000000000000       0.333333333333333
# Symm. op. 4       2
         -0.500000000000000      -0.866025403784438       0.000000000000000
         -0.866025403784439       0.500000000000000       0.000000000000000
          0.000000000000000       0.000000000000000      -1.000000000000000
          0.000000000000000       0.000000000000000       0.333333333333333
# Symm. op. 5       2
          1.000000000000000       0.000000000000000       0.000000000000000
          0.000000000000000      -1.000000000000000       0.000000000000000
          0.000000000000000       0.000000000000000      -1.000000000000000
          0.000000000000000       0.000000000000000       0.000000000000000
# Symm. op. 6       2
         -0.500000000000000       0.866025403784438       0.000000000000000
          0.866025403784439       0.500000000000000       0.000000000000000
          0.000000000000000       0.000000000000000      -1.000000000000000
          0.000000000000000       0.000000000000000       0.666666666666667
%ENDBLOCK symmetry_ops

kpoint_mp_grid :    5   5   4

phonon_kpoint_mp_grid :    5   5   4

phonon_kpoint_mp_offset :        0.000000000000000       0.000000000000000       0.125000000000000

#%BLOCK phonon_fine_kpoint_path
#  0.000000       0.000000  0.000000
# -0.3333333333   0.6666666667  0.000000
#  0.000000       0.500000  0.000000
#  0.000000       0.000000  0.000000
#  0.000000       0.000000  0.500000
# -0.3333333333   0.6666666667  0.500000
#  0.000000       0.500000  0.500000
#  0.000000       0.000000  0.500000
#%ENDBLOCK phonon_fine_kpoint_path

#phonon_fine_kpoint_path_spacing 0.02 1/ang

%BLOCK phonon_fine_kpoint_list
-0.025 -7.95 -1.5
-0.05 -7.9 -1.5
-0.075 -7.85 -1.5
-0.1 -7.8 -1.5
-0.125 -7.75 -1.5
-0.15 -7.7 -1.5
-0.175 -7.65 -1.5
-0.2 -7.6 -1.5
-0.225 -7.55 -1.5
-0.25 -7.5 -1.5
-0.275 -7.45 -1.5
-0.3 -7.4 -1.5
-0.325 -7.35 -1.5
-0.35 -7.3 -1.5
-0.375 -7.25 -1.5
-0.4 -7.2 -1.5
-0.425 -7.15 -1.5
-0.45 -7.1 -1.5
-0.475 -7.05 -1.5
-0.5 -7 -1.5
-0.525 -6.95 -1.5
-0.55 -6.9 -1.5
-0.575 -6.85 -1.5
-0.6 -6.8 -1.5
-0.625 -6.75 -1.5
-0.65 -6.7 -1.5
-0.675 -6.65 -1.5
-0.7 -6.6 -1.5
-0.725 -6.55 -1.5
-0.75 -6.5 -1.5
-0.775 -6.45 -1.5
-0.8 -6.4 -1.5
-0.825 -6.35 -1.5
-0.85 -6.3 -1.5
-0.875 -6.25 -1.5
-0.9 -6.2 -1.5
-0.925 -6.15 -1.5
-0.95 -6.1 -1.5
-0.975 -6.05 -1.5
-1 -6 -1.5
-1.025 -5.95 -1.5
-1.05 -5.9 -1.5
-1.075 -5.85 -1.5
-1.1 -5.8 -1.5
-1.125 -5.75 -1.5
-1.15 -5.7 -1.5
-1.175 -5.65 -1.5
-1.2 -5.6 -1.5
-1.225 -5.55 -1.5
-1.25 -5.5 -1.5
-1.275 -5.45 -1.5
-1.3 -5.4 -1.5
-1.325 -5.35 -1.5
-1.35 -5.3 -1.5
-1.375 -5.25 -1.5
-1.4 -5.2 -1.5
-1.425 -5.15 -1.5
-1.45 -5.1 -1.5
-1.475 -5.05 -1.5
-1.5 -5 -1.5
-1.525 -4.95 -1.5
-1.55 -4.9 -1.5
-1.575 -4.85 -1.5
-1.6 -4.8 -1.5
-1.625 -4.75 -1.5
-1.65 -4.7 -1.5
-1.675 -4.65 -1.5
-1.7 -4.6 -1.5
-1.725 -4.55 -1.5
-1.75 -4.5 -1.5
-1.775 -4.45 -1.5
-1.8 -4.4 -1.5
-1.825 -4.35 -1.5
-1.85 -4.3 -1.5
-1.875 -4.25 -1.5
-1.9 -4.2 -1.5
-1.925 -4.15 -1.5
-1.95 -4.1 -1.5
-1.975 -4.05 -1.5
-2 -4 -1.5
-2.025 -3.95 -1.5
-2.05 -3.9 -1.5
-2.075 -3.85 -1.5
-2.1 -3.8 -1.5
-2.125 -3.75 -1.5
-2.15 -3.7 -1.5
-2.175 -3.65 -1.5
-2.2 -3.6 -1.5
-2.225 -3.55 -1.5
-2.25 -3.5 -1.5
-2.275 -3.45 -1.5
-2.3 -3.4 -1.5
-2.325 -3.35 -1.5
-2.35 -3.3 -1.5
-2.375 -3.25 -1.5
-2.4 -3.2 -1.5
-2.425 -3.15 -1.5
-2.45 -3.1 -1.5
-2.475 -3.05 -1.5
-2.5 -3 -1.5
-2.525 -2.95 -1.5
-2.55 -2.9 -1.5
-2.575 -2.85 -1.5
-2.6 -2.8 -1.5
-2.625 -2.75 -1.5
-2.65 -2.7 -1.5
-2.675 -2.65 -1.5
-2.7 -2.6 -1.5
-2.725 -2.55 -1.5
-2.75 -2.5 -1.5
-2.775 -2.45 -1.5
-2.8 -2.4 -1.5
-2.825 -2.35 -1.5
-2.85 -2.3 -1.5
-2.875 -2.25 -1.5
-2.9 -2.2 -1.5
-2.925 -2.15 -1.5
-2.95 -2.1 -1.5
-2.975 -2.05 -1.5
-3 -2 -1.5
-3.025 -1.95 -1.5
-3.05 -1.9 -1.5
-3.075 -1.85 -1.5
-3.1 -1.8 -1.5
-3.125 -1.75 -1.5
-3.15 -1.7 -1.5
-3.175 -1.65 -1.5
-3.2 -1.6 -1.5
-3.225 -1.55 -1.5
-3.25 -1.5 -1.5
-3.275 -1.45 -1.5
-3.3 -1.4 -1.5
-3.325 -1.35 -1.5
-3.35 -1.3 -1.5
-3.375 -1.25 -1.5
-3.4 -1.2 -1.5
-3.425 -1.15 -1.5
-3.45 -1.1 -1.5
-3.475 -1.05 -1.5
-3.5 -1 -1.5
-3.525 -0.95 -1.5
-3.55 -0.9 -1.5
-3.575 -0.85 -1.5
-3.6 -0.8 -1.5
-3.625 -0.75 -1.5
-3.65 -0.7 -1.5
-3.675 -0.65 -1.5
-3.7 -0.6 -1.5
-3.725 -0.55 -1.5
-3.75 -0.5 -1.5
-3.775 -0.45 -1.5
-3.8 -0.4 -1.5
-3.825 -0.35 -1.5
-3.85 -0.3 -1.5
-3.875 -0.25 -1.5
-3.9 -0.2 -1.5
-3.925 -0.15 -1.5
-3.95 -0.1 -1.5
-3.975 -0.05 -1.5
-4 -8.5725e-17 -1.5
-4.025 0.05 -1.5
-4.05 0.1 -1.5
-4.075 0.15 -1.5
-4.1 0.2 -1.5
-4.125 0.25 -1.5
-4.15 0.3 -1.5
-4.175 0.35 -1.5
-4.2 0.4 -1.5
-4.225 0.45 -1.5
-4.25 0.5 -1.5
-4.275 0.55 -1.5
-4.3 0.6 -1.5
-4.325 0.65 -1.5
-4.35 0.7 -1.5
-4.375 0.75 -1.5
-4.4 0.8 -1.5
-4.425 0.85 -1.5
-4.45 0.9 -1.5
-4.475 0.95 -1.5
-4.5 1 -1.5
-4.525 1.05 -1.5
-4.55 1.1 -1.5
-4.575 1.15 -1.5
-4.6 1.2 -1.5
-4.625 1.25 -1.5
-4.65 1.3 -1.5
-4.675 1.35 -1.5
-4.7 1.4 -1.5
-4.725 1.45 -1.5
-4.75 1.5 -1.5
-4.775 1.55 -1.5
-4.8 1.6 -1.5
-4.825 1.65 -1.5
-4.85 1.7 -1.5
-4.875 1.75 -1.5
-4.9 1.8 -1.5
-4.925 1.85 -1.5
-4.95 1.9 -1.5
-4.975 1.95 -1.5
-5 2 -1.5
-5.025 2.05 -1.5
-5.05 2.1 -1.5
-5.075 2.15 -1.5
-5.1 2.2 -1.5
-5.125 2.25 -1.5
-5.15 2.3 -1.5
-5.175 2.35 -1.5
-5.2 2.4 -1.5
-5.225 2.45 -1.5
-5.25 2.5 -1.5
-5.275 2.55 -1.5
-5.3 2.6 -1.5
-5.325 2.65 -1.5
-5.35 2.7 -1.5
-5.375 2.75 -1.5
-5.4 2.8 -1.5
-5.425 2.85 -1.5
-5.45 2.9 -1.5
-5.475 2.95 -1.5
-5.5 3 -1.5
-5.525 3.05 -1.5
-5.55 3.1 -1.5
-5.575 3.15 -1.5
-5.6 3.2 -1.5
-5.625 3.25 -1.5
-5.65 3.3 -1.5
-5.675 3.35 -1.5
-5.7 3.4 -1.5
-5.725 3.45 -1.5
-5.75 3.5 -1.5
-5.775 3.55 -1.5
-5.8 3.6 -1.5
-5.825 3.65 -1.5
-5.85 3.7 -1.5
-5.875 3.75 -1.5
-5.9 3.8 -1.5
-5.925 3.85 -1.5
-5.95 3.9 -1.5
-5.975 3.95 -1.5
-6 4 -1.5
-6.025 4.05 -1.5
-6.05 4.1 -1.5
-6.075 4.15 -1.5
-6.1 4.2 -1.5
-6.125 4.25 -1.5
-6.15 4.3 -1.5
-6.175 4.35 -1.5
-6.2 4.4 -1.5
-6.225 4.45 -1.5
-6.25 4.5 -1.5
-6.275 4.55 -1.5
-6.3 4.6 -1.5
-6.325 4.65 -1.5
-6.35 4.7 -1.5
-6.375 4.75 -1.5
-6.4 4.8 -1.5
-6.425 4.85 -1.5
-6.45 4.9 -1.5
-6.475 4.95 -1.5
-6.5 5 -1.5
-6.525 5.05 -1.5
-6.55 5.1 -1.5
-6.575 5.15 -1.5
-6.6 5.2 -1.5
-6.625 5.25 -1.5
-6.65 5.3 -1.5
-6.675 5.35 -1.5
-6.7 5.4 -1.5
-6.725 5.45 -1.5
-6.75 5.5 -1.5
-6.775 5.55 -1.5
-6.8 5.6 -1.5
-6.825 5.65 -1.5
-6.85 5.7 -1.5
-6.875 5.75 -1.5
-6.9 5.8 -1.5
-6.925 5.85 -1.5
-6.95 5.9 -1.5
-6.975 5.95 -1.5
-7 6 -1.5
-7.025 6.05 -1.5
-7.05 6.1 -1.5
-7.075 6.15 -1.5
-7.1 6.2 -1.5
-7.125 6.25 -1.5
-7.15 6.3 -1.5
-7.175 6.35 -1.5
-7.2 6.4 -1.5
-7.225 6.45 -1.5
-7.25 6.5 -1.5
-7.275 6.55 -1.5
-7.3 6.6 -1.5
-7.325 6.65 -1.5
-7.35 6.7 -1.5
-7.375 6.75 -1.5
-7.4 6.8 -1.5
-7.425 6.85 -1.5
-7.45 6.9 -1.5
-7.475 6.95 -1.5
-7.5 7 -1.5
-7.525 7.05 -1.5
-7.55 7.1 -1.5
-7.575 7.15 -1.5
-7.6 7.2 -1.5
-7.625 7.25 -1.5
%ENDBLOCK phonon_fine_kpoint_list
