{
    "__euphonic_class__": "DebyeWaller",
    "__euphonic_version__": "0.6.3+8.g2361339",
    "crystal": {
        "atom_mass": [
            12.0107,
            14.006700000000002,
            1.0079400000000003,
            1.0079400000000003,
            1.0079400000000003,
            1.0079400000000003,
            1.0079400000000003,
            1.0079400000000003,
            207.20000000000002,
            35.453,
            35.453,
            35.453
        ],
        "atom_mass_unit": "unified_atomic_mass_unit",
        "atom_r": [
            [
                0.381262888947155,
                0.500025598419022,
                0.448257708990916
            ],
            [
                0.621509256209514,
                0.500022451404959,
                0.546791503730184
            ],
            [
                0.398444562068981,
                0.500021399388181,
                0.258120453980602
            ],
            [
                0.286255713419614,
                0.661454578980873,
                0.506871171548191
            ],
            [
                0.286249594951307,
                0.33860284027142,
                0.506876771420245
            ],
            [
                0.718001623897308,
                0.651600047999132,
                0.495489280423527
            ],
            [
                0.717997353511095,
                0.348440589940786,
                0.495491981404683
            ],
            [
                0.619594404228295,
                0.500024225840356,
                0.727355704161191
            ],
            [
                0.950780957848963,
                2.4930655734e-05,
                0.981152658318024
            ],
            [
                0.913585818895513,
                2.2370269249e-05,
                0.474409946048063
            ],
            [
                0.900462983468628,
                0.500024874027524,
                0.023297321535502
            ],
            [
                0.449047246553583,
                3.091380286e-05,
                0.923830668438924
            ]
        ],
        "atom_type": [
            "C",
            "N",
            "H",
            "H",
            "H",
            "H",
            "H",
            "H",
            "Pb",
            "Cl",
            "Cl",
            "Cl"
        ],
        "cell_vectors": [
            [
                5.6267413476480925,
                4.167047275399998e-05,
                0.06208157703752296
            ],
            [
                -3.175506269199998e-05,
                5.594017113631925,
                2.5464719474999986e-05
            ],
            [
                0.05788661467824797,
                -3.429379099399998e-05,
                5.764824353217707
            ]
        ],
        "cell_vectors_unit": "angstrom",
        "n_atoms": 12
    },
    "debye_waller": [
        [
            [
                0.00367529732256742,
                -1.5311606329908837e-05,
                -0.0010860575967937016
            ],
            [
                -1.5311606329908837e-05,
                0.006382238781325921,
                1.298554963938403e-06
            ],
            [
                -0.0010860575967937016,
                1.298554963938403e-06,
                0.007333996014322444
            ]
        ],
        [
            [
                0.0037563075820635315,
                -2.13523298000315e-05,
                -0.0006568082754765094
            ],
            [
                -2.13523298000315e-05,
                0.0036939380202871035,
                1.0859732099820171e-06
            ],
            [
                -0.0006568082754765094,
                1.0859732099820171e-06,
                0.0038514685736260965
            ]
        ],
        [
            [
                0.01721258107681372,
                -5.4388644098519036e-05,
                -0.004638764673291942
            ],
            [
                -5.4388644098519036e-05,
                0.03110726113515398,
                6.2595617538704e-06
            ],
            [
                -0.004638764673291942,
                6.2595617538704e-06,
                0.009183905507277195
            ]
        ],
        [
            [
                0.012528423229400273,
                0.006913204506045823,
                -0.0015908839289173783
            ],
            [
                0.006913204506045823,
                0.015454686113516325,
                -0.004514991189562602
            ],
            [
                -0.0015908839289173783,
                -0.004514991189562602,
                0.02817657563374027
            ]
        ],
        [
            [
                0.012502217033647733,
                -0.006929532631988299,
                -0.0015728722426085918
            ],
            [
                -0.006929532631988299,
                0.015453212147051847,
                0.004505010791413314
            ],
            [
                -0.0015728722426085918,
                0.004505010791413314,
                0.028119659561033197
            ]
        ],
        [
            [
                0.010618139293141416,
                -0.004218168479163349,
                -0.001367459291623529
            ],
            [
                -0.004218168479163349,
                0.010855992648586882,
                0.003615674884624284
            ],
            [
                -0.001367459291623529,
                0.003615674884624284,
                0.016686241169818584
            ]
        ],
        [
            [
                0.010610359644594588,
                0.0041756404436051565,
                -0.001373755637157622
            ],
            [
                0.0041756404436051565,
                0.010858826769188387,
                -0.0036166129407802076
            ],
            [
                -0.001373755637157622,
                -0.0036166129407802076,
                0.0167165041558048
            ]
        ],
        [
            [
                0.01731355793599583,
                -3.606632652971057e-05,
                -0.0015316270290847065
            ],
            [
                -3.606632652971057e-05,
                0.017962706437966446,
                4.921528044532724e-06
            ],
            [
                -0.0015316270290847065,
                4.921528044532724e-06,
                0.006194446624680236
            ]
        ],
        [
            [
                0.0007461876457400356,
                -1.0359447793294124e-05,
                -1.1331185087410895e-05
            ],
            [
                -1.0359447793294124e-05,
                0.0007406317727215542,
                4.007509989529167e-06
            ],
            [
                -1.1331185087410895e-05,
                4.007509989529167e-06,
                0.0007812209657447242
            ]
        ],
        [
            [
                0.003402724370586586,
                -1.733749861495918e-05,
                6.250061824808718e-05
            ],
            [
                -1.733749861495918e-05,
                0.0027011471985414997,
                5.41178613566748e-06
            ],
            [
                6.250061824808718e-05,
                5.41178613566748e-06,
                0.0017542771251281882
            ]
        ],
        [
            [
                0.006704322256835102,
                -2.54340858400257e-05,
                -0.0008484862592861325
            ],
            [
                -2.54340858400257e-05,
                0.0015683367470269887,
                4.753557000788083e-06
            ],
            [
                -0.0008484862592861325,
                4.753557000788083e-06,
                0.0031933405707198228
            ]
        ],
        [
            [
                0.0016792206345297726,
                -3.0442868084962607e-05,
                4.9850995562087344e-05
            ],
            [
                -3.0442868084962607e-05,
                0.01012805264529122,
                -2.6699039171747378e-05
            ],
            [
                4.9850995562087344e-05,
                -2.6699039171747378e-05,
                0.00463069648117102
            ]
        ]
    ],
    "debye_waller_unit": "angstrom ** 2",
    "temperature": 5.0,
    "temperature_unit": "kelvin"
}