{
    "__euphonic_class__": "DebyeWaller",
    "__euphonic_version__": "0.6.3+8.g2361339",
    "crystal": {
        "atom_mass": [
            12.0107,
            14.006700000000002,
            1.0079400000000003,
            1.0079400000000003,
            1.0079400000000003,
            1.0079400000000003,
            1.0079400000000003,
            1.0079400000000003,
            207.20000000000002,
            35.453,
            35.453,
            35.453
        ],
        "atom_mass_unit": "unified_atomic_mass_unit",
        "atom_r": [
            [
                0.381262888947155,
                0.500025598419022,
                0.448257708990916
            ],
            [
                0.621509256209514,
                0.500022451404959,
                0.546791503730184
            ],
            [
                0.398444562068981,
                0.500021399388181,
                0.258120453980602
            ],
            [
                0.286255713419614,
                0.661454578980873,
                0.506871171548191
            ],
            [
                0.286249594951307,
                0.33860284027142,
                0.506876771420245
            ],
            [
                0.718001623897308,
                0.651600047999132,
                0.495489280423527
            ],
            [
                0.717997353511095,
                0.348440589940786,
                0.495491981404683
            ],
            [
                0.619594404228295,
                0.500024225840356,
                0.727355704161191
            ],
            [
                0.950780957848963,
                2.4930655734e-05,
                0.981152658318024
            ],
            [
                0.913585818895513,
                2.2370269249e-05,
                0.474409946048063
            ],
            [
                0.900462983468628,
                0.500024874027524,
                0.023297321535502
            ],
            [
                0.449047246553583,
                3.091380286e-05,
                0.923830668438924
            ]
        ],
        "atom_type": [
            "C",
            "N",
            "H",
            "H",
            "H",
            "H",
            "H",
            "H",
            "Pb",
            "Cl",
            "Cl",
            "Cl"
        ],
        "cell_vectors": [
            [
                5.6267413476480925,
                4.167047275399998e-05,
                0.06208157703752296
            ],
            [
                -3.175506269199998e-05,
                5.594017113631925,
                2.5464719474999986e-05
            ],
            [
                0.05788661467824797,
                -3.429379099399998e-05,
                5.764824353217707
            ]
        ],
        "cell_vectors_unit": "angstrom",
        "n_atoms": 12
    },
    "debye_waller": [
        [
            [
                0.0036608786308250413,
                4.58515709603499e-05,
                -0.0010098870008489298
            ],
            [
                4.58515709603499e-05,
                0.006270668542392721,
                -9.451806933114533e-08
            ],
            [
                -0.0010098870008489298,
                -9.451806933114533e-08,
                0.007106402544324007
            ]
        ],
        [
            [
                0.0037534161743459846,
                9.922160333102612e-06,
                -0.0006084263359664799
            ],
            [
                9.922160333102612e-06,
                0.0036357617426056275,
                -6.927479105342104e-06
            ],
            [
                -0.0006084263359664799,
                -6.927479105342104e-06,
                0.003690603535650288
            ]
        ],
        [
            [
                0.01686171055488248,
                2.625676621985241e-05,
                -0.0044318093424154485
            ],
            [
                2.625676621985241e-05,
                0.03114565297819698,
                -4.453583903362383e-05
            ],
            [
                -0.0044318093424154485,
                -4.453583903362383e-05,
                0.008978803736811126
            ]
        ],
        [
            [
                0.012504478612876574,
                0.006853678952904975,
                -0.0015321352560251531
            ],
            [
                0.006853678952904975,
                0.015184295943173902,
                -0.004454325962783282
            ],
            [
                -0.0015321352560251531,
                -0.004454325962783282,
                0.027704032308599164
            ]
        ],
        [
            [
                0.012365606615138991,
                -0.006700231134436911,
                -0.001543717582309053
            ],
            [
                -0.006700231134436911,
                0.01518326755539132,
                0.0045187796576226435
            ],
            [
                -0.001543717582309053,
                0.0045187796576226435,
                0.027848564667129806
            ]
        ],
        [
            [
                0.010611716104158711,
                -0.0041357987986177765,
                -0.0013514247762365353
            ],
            [
                -0.0041357987986177765,
                0.010731044854297163,
                0.0035995875145009145
            ],
            [
                -0.0013514247762365353,
                0.0035995875145009145,
                0.01638447330740829
            ]
        ],
        [
            [
                0.010534528783412166,
                0.004133146528531667,
                -0.0013425043375706845
            ],
            [
                0.004133146528531667,
                0.01073947504276082,
                -0.003616422560542617
            ],
            [
                -0.0013425043375706845,
                -0.003616422560542617,
                0.016415797402461674
            ]
        ],
        [
            [
                0.016952756984201543,
                1.8664426554962013e-05,
                -0.0013855996005767317
            ],
            [
                1.8664426554962013e-05,
                0.017906833664924193,
                5.111594628110495e-06
            ],
            [
                -0.0013855996005767317,
                5.111594628110495e-06,
                0.006047728538685434
            ]
        ],
        [
            [
                0.0007386147504291043,
                1.3573386302677152e-06,
                -1.0078998482384866e-05
            ],
            [
                1.3573386302677152e-06,
                0.000709459941125711,
                1.0932707505969593e-06
            ],
            [
                -1.0078998482384866e-05,
                1.0932707505969593e-06,
                0.0007748706956758509
            ]
        ],
        [
            [
                0.0033672408261152856,
                8.88970634991177e-06,
                6.492878199309567e-05
            ],
            [
                8.88970634991177e-06,
                0.0026534209681697545,
                2.041330116703883e-06
            ],
            [
                6.492878199309567e-05,
                2.041330116703883e-06,
                0.0017486461047201188
            ]
        ],
        [
            [
                0.004597430726974251,
                3.635401711530751e-06,
                -0.0005182647469679224
            ],
            [
                3.635401711530751e-06,
                0.001555215758618107,
                1.7566625557460746e-07
            ],
            [
                -0.0005182647469679224,
                1.7566625557460746e-07,
                0.003118537170074051
            ]
        ],
        [
            [
                0.001675844054286922,
                5.448230208759117e-06,
                5.081701877715566e-05
            ],
            [
                5.448230208759117e-06,
                0.00662870030349794,
                -2.0669523793572523e-06
            ],
            [
                5.081701877715566e-05,
                -2.0669523793572523e-06,
                0.004575538441357308
            ]
        ]
    ],
    "debye_waller_unit": "angstrom ** 2",
    "temperature": 5.0,
    "temperature_unit": "kelvin"
}