{
    "__euphonic_class__": "DebyeWaller",
    "__euphonic_version__": "0.6.3+8.g2361339",
    "crystal": {
        "atom_mass": [
            12.0107,
            14.006700000000002,
            1.0079400000000003,
            1.0079400000000003,
            1.0079400000000003,
            1.0079400000000003,
            1.0079400000000003,
            1.0079400000000003,
            207.20000000000002,
            35.453,
            35.453,
            35.453
        ],
        "atom_mass_unit": "unified_atomic_mass_unit",
        "atom_r": [
            [
                0.381262888947155,
                0.500025598419022,
                0.448257708990916
            ],
            [
                0.621509256209514,
                0.500022451404959,
                0.546791503730184
            ],
            [
                0.398444562068981,
                0.500021399388181,
                0.258120453980602
            ],
            [
                0.286255713419614,
                0.661454578980873,
                0.506871171548191
            ],
            [
                0.286249594951307,
                0.33860284027142,
                0.506876771420245
            ],
            [
                0.718001623897308,
                0.651600047999132,
                0.495489280423527
            ],
            [
                0.717997353511095,
                0.348440589940786,
                0.495491981404683
            ],
            [
                0.619594404228295,
                0.500024225840356,
                0.727355704161191
            ],
            [
                0.950780957848963,
                2.4930655734e-05,
                0.981152658318024
            ],
            [
                0.913585818895513,
                2.2370269249e-05,
                0.474409946048063
            ],
            [
                0.900462983468628,
                0.500024874027524,
                0.023297321535502
            ],
            [
                0.449047246553583,
                3.091380286e-05,
                0.923830668438924
            ]
        ],
        "atom_type": [
            "C",
            "N",
            "H",
            "H",
            "H",
            "H",
            "H",
            "H",
            "Pb",
            "Cl",
            "Cl",
            "Cl"
        ],
        "cell_vectors": [
            [
                5.6267413476480925,
                4.167047275399998e-05,
                0.06208157703752296
            ],
            [
                -3.175506269199998e-05,
                5.594017113631925,
                2.5464719474999986e-05
            ],
            [
                0.05788661467824797,
                -3.429379099399998e-05,
                5.764824353217707
            ]
        ],
        "cell_vectors_unit": "angstrom",
        "n_atoms": 12
    },
    "debye_waller": [
        [
            [
                0.02267904359226587,
                -0.000427431129394374,
                -0.012846145936594073
            ],
            [
                -0.000427431129394374,
                0.03897072570286915,
                -0.0001499316180597271
            ],
            [
                -0.012846145936594073,
                -0.0001499316180597271,
                0.06618830260948148
            ]
        ],
        [
            [
                0.024802505140295705,
                -0.0005193292929247229,
                -0.00788647337871811
            ],
            [
                -0.0005193292929247229,
                0.019421818546770473,
                4.8773715870976595e-05
            ],
            [
                -0.00788647337871811,
                4.8773715870976595e-05,
                0.029243967993149576
            ]
        ],
        [
            [
                0.09456772021333701,
                -0.00044658931347096333,
                -0.05104904516203302
            ],
            [
                -0.00044658931347096333,
                0.12081378233565318,
                -0.0005454258318735123
            ],
            [
                -0.05104904516203302,
                -0.0005454258318735123,
                0.06208779048814648
            ]
        ],
        [
            [
                0.04090070086359877,
                0.02464894096304723,
                -0.004036555103797695
            ],
            [
                0.02464894096304723,
                0.06247586132229889,
                -0.007087697616527888
            ],
            [
                -0.004036555103797695,
                -0.007087697616527888,
                0.15604345342248932
            ]
        ],
        [
            [
                0.040838180742483056,
                -0.025531749123690436,
                -0.004144264025685231
            ],
            [
                -0.025531749123690436,
                0.062453114214285385,
                0.006957781648835839
            ],
            [
                -0.004144264025685231,
                0.006957781648835839,
                0.15713625497426764
            ]
        ],
        [
            [
                0.03343129153689225,
                -0.010395875478951192,
                -0.008409262548494216
            ],
            [
                -0.010395875478951192,
                0.03327704070549485,
                0.008278931272156127
            ],
            [
                -0.008409262548494216,
                0.008278931272156127,
                0.06925150596402199
            ]
        ],
        [
            [
                0.03348822302501797,
                0.009477326389940765,
                -0.008487503597230684
            ],
            [
                0.009477326389940765,
                0.033268252381571654,
                -0.007962302987976965
            ],
            [
                -0.008487503597230684,
                -0.007962302987976965,
                0.06935301147078873
            ]
        ],
        [
            [
                0.10392507761525498,
                -0.0006681823173273486,
                -0.01805984949007423
            ],
            [
                -0.0006681823173273486,
                0.04964347581601405,
                -2.527067151731935e-05
            ],
            [
                -0.01805984949007423,
                -2.527067151731935e-05,
                0.03031125250105776
            ]
        ],
        [
            [
                0.007674115466808842,
                -0.00044764508242903136,
                -0.00045445116570294516
            ],
            [
                -0.00044764508242903136,
                0.008197597923028732,
                0.00018478562934005885
            ],
            [
                -0.00045445116570294516,
                0.00018478562934005885,
                0.008164326555462313
            ]
        ],
        [
            [
                0.02765120949261908,
                -0.0004717118015895983,
                -0.0002455410241736094
            ],
            [
                -0.0004717118015895983,
                0.017660354313192142,
                0.00018671297401547178
            ],
            [
                -0.0002455410241736094,
                0.00018671297401547178,
                0.008633299910329136
            ]
        ],
        [
            [
                0.18303539763277218,
                -0.0009330076613249059,
                -0.029348232385314414
            ],
            [
                -0.0009330076613249059,
                0.007548225395048464,
                0.00026351630503524044
            ],
            [
                -0.029348232385314414,
                0.00026351630503524044,
                0.02608845902842654
            ]
        ],
        [
            [
                0.007629148276726453,
                -0.0011991024863252436,
                0.00011207064310311456
            ],
            [
                -0.0011991024863252436,
                0.307042682425759,
                -0.0013811711714680876
            ],
            [
                0.00011207064310311456,
                -0.0013811711714680876,
                0.04493033963400302
            ]
        ]
    ],
    "debye_waller_unit": "angstrom ** 2",
    "temperature": 300.0,
    "temperature_unit": "kelvin"
}