{
    "__euphonic_class__": "DebyeWaller",
    "__euphonic_version__": "0.6.3+8.g2361339",
    "crystal": {
        "atom_mass": [
            12.0107,
            14.006700000000002,
            1.0079400000000003,
            1.0079400000000003,
            1.0079400000000003,
            1.0079400000000003,
            1.0079400000000003,
            1.0079400000000003,
            207.20000000000002,
            35.453,
            35.453,
            35.453
        ],
        "atom_mass_unit": "unified_atomic_mass_unit",
        "atom_r": [
            [
                0.381262888947155,
                0.500025598419022,
                0.448257708990916
            ],
            [
                0.621509256209514,
                0.500022451404959,
                0.546791503730184
            ],
            [
                0.398444562068981,
                0.500021399388181,
                0.258120453980602
            ],
            [
                0.286255713419614,
                0.661454578980873,
                0.506871171548191
            ],
            [
                0.286249594951307,
                0.33860284027142,
                0.506876771420245
            ],
            [
                0.718001623897308,
                0.651600047999132,
                0.495489280423527
            ],
            [
                0.717997353511095,
                0.348440589940786,
                0.495491981404683
            ],
            [
                0.619594404228295,
                0.500024225840356,
                0.727355704161191
            ],
            [
                0.950780957848963,
                2.4930655734e-05,
                0.981152658318024
            ],
            [
                0.913585818895513,
                2.2370269249e-05,
                0.474409946048063
            ],
            [
                0.900462983468628,
                0.500024874027524,
                0.023297321535502
            ],
            [
                0.449047246553583,
                3.091380286e-05,
                0.923830668438924
            ]
        ],
        "atom_type": [
            "C",
            "N",
            "H",
            "H",
            "H",
            "H",
            "H",
            "H",
            "Pb",
            "Cl",
            "Cl",
            "Cl"
        ],
        "cell_vectors": [
            [
                5.6267413476480925,
                4.167047275399998e-05,
                0.06208157703752296
            ],
            [
                -3.175506269199998e-05,
                5.594017113631925,
                2.5464719474999986e-05
            ],
            [
                0.05788661467824797,
                -3.429379099399998e-05,
                5.764824353217707
            ]
        ],
        "cell_vectors_unit": "angstrom",
        "n_atoms": 12
    },
    "debye_waller": [
        [
            [
                0.02018662897403887,
                0.0006295664271897908,
                -0.007278595402255398
            ],
            [
                0.0006295664271897908,
                0.03709118745083529,
                -4.4628975286210286e-05
            ],
            [
                -0.007278595402255398,
                -4.4628975286210286e-05,
                0.05234845002527876
            ]
        ],
        [
            [
                0.023649255878233817,
                0.00015733297601294686,
                -0.005000904418473481
            ],
            [
                0.00015733297601294686,
                0.018041674277619105,
                -0.00011470453584067093
            ],
            [
                -0.005000904418473481,
                -0.00011470453584067093,
                0.020599074170062417
            ]
        ],
        [
            [
                0.06905226607371936,
                0.00041908534006613484,
                -0.03665524257587841
            ],
            [
                0.00041908534006613484,
                0.11929028919724127,
                -0.0006228000764124584
            ],
            [
                -0.03665524257587841,
                -0.0006228000764124584,
                0.04977086471199623
            ]
        ],
        [
            [
                0.03999595839208571,
                0.024680259375222433,
                -0.000594188343277522
            ],
            [
                0.024680259375222433,
                0.05910269268591901,
                -0.006176472012246712
            ],
            [
                -0.000594188343277522,
                -0.006176472012246712,
                0.1293294135060896
            ]
        ],
        [
            [
                0.03833763328102595,
                -0.022729434654561523,
                -0.0009306675848505966
            ],
            [
                -0.022729434654561523,
                0.05910110686724139,
                0.006956036260588319
            ],
            [
                -0.0009306675848505966,
                0.006956036260588319,
                0.131209601636716
            ]
        ],
        [
            [
                0.03266477817005101,
                -0.009485880918452316,
                -0.007588694530739469
            ],
            [
                -0.009485880918452316,
                0.0315135810152313,
                0.007790642659911909
            ],
            [
                -0.007588694530739469,
                0.007790642659911909,
                0.051094277350036986
            ]
        ],
        [
            [
                0.03162550831929804,
                0.009491525029090635,
                -0.007476052265469708
            ],
            [
                0.009491525029090635,
                0.03155965516830048,
                -0.008027610339394399
            ],
            [
                -0.007476052265469708,
                -0.008027610339394399,
                0.05157754730617538
            ]
        ],
        [
            [
                0.08147774915224568,
                0.00022395023283182622,
                -0.009379122867267302
            ],
            [
                0.00022395023283182622,
                0.046498498863372685,
                5.789642451720166e-05
            ],
            [
                -0.009379122867267302,
                5.789642451720166e-05,
                0.02246670944441894
            ]
        ],
        [
            [
                0.00730431876613664,
                4.811818047496829e-05,
                -0.00036426697562093075
            ],
            [
                4.811818047496829e-05,
                0.006912666118084947,
                3.2810728263664406e-05
            ],
            [
                -0.00036426697562093075,
                3.2810728263664406e-05,
                0.007894538036456485
            ]
        ],
        [
            [
                0.02585891570018195,
                0.0001600541201682311,
                -7.907245365374791e-05
            ],
            [
                0.0001600541201682311,
                0.016167008212513257,
                5.238322837744386e-05
            ],
            [
                -7.907245365374791e-05,
                5.238322837744386e-05,
                0.008409761345597684
            ]
        ],
        [
            [
                0.06056876741396274,
                9.975547444998824e-05,
                -0.009906868083258923
            ],
            [
                9.975547444998824e-05,
                0.0070115609527486794,
                6.969717184994832e-07
            ],
            [
                -0.009906868083258923,
                6.969717184994832e-07,
                0.021857863199544525
            ]
        ],
        [
            [
                0.007482510650350619,
                0.000174288811491672,
                0.0002027029809812523
            ],
            [
                0.000174288811491672,
                0.10715064970608307,
                -4.440256618443282e-05
            ],
            [
                0.0002027029809812523,
                -4.440256618443282e-05,
                0.04242007842635265
            ]
        ]
    ],
    "debye_waller_unit": "angstrom ** 2",
    "temperature": 300.0,
    "temperature_unit": "kelvin"
}