#
# CELL written by cell_write: Keith Refson, Oct 2006
#
%BLOCK lattice_cart
   ANG
       2.42617586816788       -4.20225987176430       0.00000000000000
       2.42617586816788        4.20225987176430       0.00000000000000
       0.00000000000000        0.00000000000000       5.35030448598545    
%ENDBLOCK lattice_cart

%BLOCK cell_constraints
      1   1   3
      0   0   0
%ENDBLOCK cell_constraints

%BLOCK positions_frac
   O              0.411708114524831       0.275681856821381       0.279407602909167
   O              0.724318143178620       0.136026257703450       0.946074269575834
   O              0.863973742296550       0.588291885475169       0.612740936242500
   O              0.136026257703450       0.724318143178620       0.053925730424166
   O              0.588291885475169       0.863973742296550       0.387259063757500
   O              0.275681856821381       0.411708114524831       0.720592397090833
   Si             0.464960105504908       0.000000000000000       0.166666666666667
   Si             0.000000000000000       0.464960105504908       0.833333333333333
   Si             0.535039894495092       0.535039894495092       0.500000000000000
%ENDBLOCK positions_frac

FIX_COM : true

%BLOCK species_pot
   O       o-optlda1.recpot
   Si      si-lda1.recpot
%ENDBLOCK species_pot

%BLOCK symmetry_ops
# Symm. op. 1       E
          1.000000000000000       0.000000000000000       0.000000000000000
          0.000000000000000       1.000000000000000       0.000000000000000
          0.000000000000000       0.000000000000000       1.000000000000000
          0.000000000000000       0.000000000000000       0.000000000000000
# Symm. op. 2     3_2
         -0.500000000000000       0.866025403784438       0.000000000000000
         -0.866025403784439      -0.500000000000000       0.000000000000000
          0.000000000000000       0.000000000000000       1.000000000000000
          0.000000000000000       0.000000000000000       0.666666666666667
# Symm. op. 3     3_1
         -0.500000000000000      -0.866025403784438       0.000000000000000
          0.866025403784439      -0.500000000000000       0.000000000000000
          0.000000000000000       0.000000000000000       1.000000000000000
          0.000000000000000       0.000000000000000       0.333333333333333
# Symm. op. 4       2
         -0.500000000000000      -0.866025403784438       0.000000000000000
         -0.866025403784439       0.500000000000000       0.000000000000000
          0.000000000000000       0.000000000000000      -1.000000000000000
          0.000000000000000       0.000000000000000       0.333333333333333
# Symm. op. 5       2
          1.000000000000000       0.000000000000000       0.000000000000000
          0.000000000000000      -1.000000000000000       0.000000000000000
          0.000000000000000       0.000000000000000      -1.000000000000000
          0.000000000000000       0.000000000000000       0.000000000000000
# Symm. op. 6       2
         -0.500000000000000       0.866025403784438       0.000000000000000
          0.866025403784439       0.500000000000000       0.000000000000000
          0.000000000000000       0.000000000000000      -1.000000000000000
          0.000000000000000       0.000000000000000       0.666666666666667
%ENDBLOCK symmetry_ops

kpoint_mp_grid :    5   5   4

phonon_kpoint_mp_grid :    5   5   4

phonon_kpoint_mp_offset :        0.000000000000000       0.000000000000000       0.125000000000000

%BLOCK phonon_fine_kpoint_path
-3,0.0,2.325
-3,0.0,2.25
-3,0.0,2.175
-3,0.0,2.1
-3,0.0,2.025
-3,0.0,1.95
-3,0.0,1.875
-3,0.0,1.8
-3,0.0,1.725
-3,0.0,1.65
-3,0.0,1.575
-3,0.0,1.5
-3,0.0,1.425
-3,0.0,1.35
-3,0.0,1.275
-3,0.0,1.2
-3,0.0,1.125
-3,0.0,1.05
-3,0.0,0.975
-3,0.0,0.9
-3,0.0,0.825
-3,0.0,0.75
-3,0.0,0.675
-3,0.0,0.6
-3,0.0,0.525
-3,0.0,0.45
-3,0.0,0.375
-3,0.0,0.3
-3,0.0,0.225
-3,0.0,0.15
-3,0.0,0.075
-3,0,0
-3,0.0,-0.075
-3,0.0,-0.15
-3,0.0,-0.225
-3,0.0,-0.3
-3,0.0,-0.375
-3,0.0,-0.45
-3,0.0,-0.525
-3,0.0,-0.6
-3,0.0,-0.675
-3,0.0,-0.75
-3,0.0,-0.825
-3,0.0,-0.9
-3,0.0,-0.975
-3,0.0,-1.05
-3,0.0,-1.125
-3,0.0,-1.2
-3,0.0,-1.275
-3,0.0,-1.35
-3,0.0,-1.425
-3,0.0,-1.5
-3,0.0,-1.575
-3,0.0,-1.65
-3,0.0,-1.725
-3,0.0,-1.8
-3,0.0,-1.875
-3,0.0,-1.95
-3,0.0,-2.025
-3,0.0,-2.1
-3,0.0,-2.175
-3,0.0,-2.25
-3,0.0,-2.325
%ENDBLOCK phonon_fine_kpoint_path

#phonon_fine_kpoint_path_spacing 0.02 1/ang

#%BLOCK phonon_fine_kpoint_list
#0.5 0.5 0.5
#%ENDBLOCK phonon_fine_kpoint_list

#phonon_fine_kpoint_mp_grid : 6 6 6
