{
    "__euphonic_class__": "DebyeWaller",
    "__euphonic_version__": "0.5.0+41.g29b6698.dirty",
    "crystal": {
        "atom_mass": [
            15.999400000000001,
            15.999400000000001,
            15.999400000000001,
            15.999400000000001,
            15.999400000000001,
            15.999400000000001,
            28.085500000000003,
            28.085500000000003,
            28.085500000000003
        ],
        "atom_mass_unit": "unified_atomic_mass_unit",
        "atom_r": [
            [
                0.411708,
                0.275682,
                0.279408
            ],
            [
                0.724318,
                0.136026,
                0.946074
            ],
            [
                0.863974,
                0.588292,
                0.612741
            ],
            [
                0.136026,
                0.724318,
                0.053926
            ],
            [
                0.588292,
                0.863974,
                0.387259
            ],
            [
                0.275682,
                0.411708,
                0.720592
            ],
            [
                0.46496,
                0.0,
                0.166667
            ],
            [
                0.0,
                0.46496,
                0.833333
            ],
            [
                0.53504,
                0.53504,
                0.5
            ]
        ],
        "atom_type": [
            "O",
            "O",
            "O",
            "O",
            "O",
            "O",
            "Si",
            "Si",
            "Si"
        ],
        "cell_vectors": [
            [
                2.426176,
                -4.20226,
                0.0
            ],
            [
                2.426176,
                4.20226,
                0.0
            ],
            [
                0.0,
                0.0,
                5.350305
            ]
        ],
        "cell_vectors_unit": "angstrom",
        "n_atoms": 9
    },
    "debye_waller": [
        [
            [
                0.0022533934204685634,
                -0.0003952155061037708,
                -0.0006360969578516982
            ],
            [
                -0.0003952155061037708,
                0.0014976668168326566,
                -0.0002852634655116512
            ],
            [
                -0.0006360969578516982,
                -0.0002852634655116512,
                0.0018480266385250662
            ]
        ],
        [
            [
                0.0013450451379385731,
                -0.00012985262772289866,
                0.0005655051709555495
            ],
            [
                -0.00012985262772289866,
                0.002405954971529204,
                -0.00040839416062120917
            ],
            [
                0.0005655051709555495,
                -0.00040839416062120917,
                0.0018505731133550063
            ]
        ],
        [
            [
                0.0020280981250801106,
                0.0005248117687414537,
                7.072490034780676e-05
            ],
            [
                0.0005248117687414537,
                0.0017221739065105485,
                0.0006937560530353039
            ],
            [
                7.072490034780676e-05,
                0.0006937560530353039,
                0.0018503731965069357
            ]
        ],
        [
            [
                0.001345045137964715,
                0.00012985261919412104,
                -0.0005655051708043156
            ],
            [
                0.00012985261919412104,
                0.0024059549718155747,
                -0.00040839416224039876
            ],
            [
                -0.0005655051708043156,
                -0.00040839416224039876,
                0.0018505731140766493
            ]
        ],
        [
            [
                0.0020280981282585066,
                -0.0005248117808022746,
                -7.07249004974661e-05
            ],
            [
                -0.0005248117808022746,
                0.0017221739066479087,
                0.000693756053112628
            ],
            [
                -7.07249004974661e-05,
                0.000693756053112628,
                0.0018503731956438993
            ]
        ],
        [
            [
                0.002253393420856069,
                0.0003952154954382939,
                0.0006360969577583199
            ],
            [
                0.0003952154954382939,
                0.001497666815871241,
                -0.0002852634660547579
            ],
            [
                0.0006360969577583199,
                -0.0002852634660547579,
                0.0018480266388387762
            ]
        ],
        [
            [
                0.0008750767524337406,
                -9.421663926507815e-05,
                -2.2248342575560605e-05
            ],
            [
                -9.421663926507815e-05,
                0.0009832494116585665,
                -1.2981046318950486e-05
            ],
            [
                -2.2248342575560605e-05,
                -1.2981046318950486e-05,
                0.0008931641484883131
            ]
        ],
        [
            [
                0.0008750767521597001,
                9.421663049545801e-05,
                2.2248342671708264e-05
            ],
            [
                9.421663049545801e-05,
                0.0009832494120309242,
                -1.2981046729043717e-05
            ],
            [
                2.2248342671708264e-05,
                -1.2981046729043717e-05,
                0.0008931641487157407
            ]
        ],
        [
            [
                0.0010369915397162796,
                -5.470780168179803e-12,
                -9.64862238848928e-14
            ],
            [
                -5.470780168179803e-12,
                0.0008201866581485256,
                2.5512407815096155e-05
            ],
            [
                -9.64862238848928e-14,
                2.5512407815096155e-05,
                0.0008915999628909366
            ]
        ]
    ],
    "debye_waller_unit": "angstrom ** 2",
    "temperature": 5.0,
    "temperature_unit": "kelvin"
}