{
    "__euphonic_class__": "DebyeWaller",
    "__euphonic_version__": "0.6.1",
    "crystal": {
        "atom_mass": [
            15.999399974160482,
            15.999399974160482,
            15.999399974160482,
            15.999399974160482,
            15.999399974160482,
            15.999399974160482,
            28.08549995464106,
            28.08549995464106,
            28.08549995464106
        ],
        "atom_mass_unit": "unified_atomic_mass_unit",
        "atom_r": [
            [
                0.411708114524831,
                0.275681856821381,
                0.279407602909167
            ],
            [
                0.72431814317862,
                0.13602625770345,
                0.946074269575834
            ],
            [
                0.86397374229655,
                0.588291885475169,
                0.6127409362425
            ],
            [
                0.13602625770345,
                0.72431814317862,
                0.053925730424166
            ],
            [
                0.588291885475169,
                0.86397374229655,
                0.3872590637575
            ],
            [
                0.275681856821381,
                0.411708114524831,
                0.720592397090833
            ],
            [
                0.464960105504908,
                0.0,
                0.166666666666667
            ],
            [
                0.0,
                0.464960105504908,
                0.833333333333333
            ],
            [
                0.535039894495092,
                0.535039894495092,
                0.5
            ]
        ],
        "atom_type": [
            "O",
            "O",
            "O",
            "O",
            "O",
            "O",
            "Si",
            "Si",
            "Si"
        ],
        "cell_vectors": [
            [
                2.4261758809569254,
                -4.202259893915576,
                0.0
            ],
            [
                2.4261758809569254,
                4.202259893915576,
                0.0
            ],
            [
                0.0,
                0.0,
                5.350304514188389
            ]
        ],
        "cell_vectors_unit": "angstrom",
        "n_atoms": 9
    },
    "debye_waller": [
        [
            [
                0.007514333724709079,
                -0.001543619786456455,
                -0.002219716262759964
            ],
            [
                -0.001543619786456455,
                0.004042979743670888,
                -0.00038682897702320635
            ],
            [
                -0.002219716262759964,
                -0.00038682897702320635,
                0.0055354984853104704
            ]
        ],
        [
            [
                0.003816999944926466,
                -0.000802273129485913,
                0.0017998383555704381
            ],
            [
                -0.000802273129485913,
                0.007648306528813418,
                -0.0014967141943362653
            ],
            [
                0.0017998383555704381,
                -0.0014967141943362653,
                0.005663060016763097
            ]
        ],
        [
            [
                0.005950566632134686,
                0.0016680045778210081,
                0.0007281988578043963
            ],
            [
                0.0016680045778210081,
                0.00580302291134124,
                0.002481732094165556
            ],
            [
                0.0007281988578043963,
                0.002481732094165556,
                0.005722226708468643
            ]
        ],
        [
            [
                0.0037729584839233206,
                0.0009146100774174575,
                -0.0018621525103435963
            ],
            [
                0.0009146100774174575,
                0.00871809474477946,
                -0.002064542935905551
            ],
            [
                -0.0018621525103435963,
                -0.002064542935905551,
                0.005848617821728263
            ]
        ],
        [
            [
                0.006415311189621638,
                -0.002332632804164224,
                -0.0004308889132713441
            ],
            [
                -0.002332632804164224,
                0.005258499409281876,
                0.002220023837655105
            ],
            [
                -0.0004308889132713441,
                0.002220023837655105,
                0.005591622987367995
            ]
        ],
        [
            [
                0.0077385624408062,
                0.001202874157611043,
                0.002673704704837457
            ],
            [
                0.001202874157611043,
                0.004676750828650337,
                -0.0005794416842873159
            ],
            [
                0.002673704704837457,
                -0.0005794416842873159,
                0.005552371544830041
            ]
        ],
        [
            [
                0.0026283138385576684,
                -0.0004877295949194614,
                -0.0001436572727180785
            ],
            [
                -0.0004877295949194614,
                0.003239214539877875,
                -2.1133724414871824e-05
            ],
            [
                -0.0001436572727180785,
                -2.1133724414871824e-05,
                0.002875983407805468
            ]
        ],
        [
            [
                0.002718389145705607,
                0.0003140514227176069,
                0.00015402488640542055
            ],
            [
                0.0003140514227176069,
                0.0036943085727310426,
                -3.8127246830018484e-05
            ],
            [
                0.00015402488640542055,
                -3.8127246830018484e-05,
                0.0027280214284348147
            ]
        ],
        [
            [
                0.003640417595449932,
                -0.0002566384594093347,
                0.00023287086207686067
            ],
            [
                -0.0002566384594093347,
                0.0026541051284996084,
                0.00020035031111073452
            ],
            [
                0.00023287086207686067,
                0.00020035031111073452,
                0.002724176096026318
            ]
        ]
    ],
    "debye_waller_unit": "angstrom ** 2",
    "temperature": 300.0,
    "temperature_unit": "kelvin"
}