{
    "__euphonic_class__": "DebyeWaller",
    "__euphonic_version__": "0.6.1",
    "crystal": {
        "atom_mass": [
            15.999399974160482,
            15.999399974160482,
            15.999399974160482,
            15.999399974160482,
            15.999399974160482,
            15.999399974160482,
            28.08549995464106,
            28.08549995464106,
            28.08549995464106
        ],
        "atom_mass_unit": "unified_atomic_mass_unit",
        "atom_r": [
            [
                0.411708114524831,
                0.275681856821381,
                0.279407602909167
            ],
            [
                0.72431814317862,
                0.13602625770345,
                0.946074269575834
            ],
            [
                0.86397374229655,
                0.588291885475169,
                0.6127409362425
            ],
            [
                0.13602625770345,
                0.72431814317862,
                0.053925730424166
            ],
            [
                0.588291885475169,
                0.86397374229655,
                0.3872590637575
            ],
            [
                0.275681856821381,
                0.411708114524831,
                0.720592397090833
            ],
            [
                0.464960105504908,
                0.0,
                0.166666666666667
            ],
            [
                0.0,
                0.464960105504908,
                0.833333333333333
            ],
            [
                0.535039894495092,
                0.535039894495092,
                0.5
            ]
        ],
        "atom_type": [
            "O",
            "O",
            "O",
            "O",
            "O",
            "O",
            "Si",
            "Si",
            "Si"
        ],
        "cell_vectors": [
            [
                2.4261758809569254,
                -4.202259893915576,
                0.0
            ],
            [
                2.4261758809569254,
                4.202259893915576,
                0.0
            ],
            [
                0.0,
                0.0,
                5.350304514188389
            ]
        ],
        "cell_vectors_unit": "angstrom",
        "n_atoms": 9
    },
    "debye_waller": [
        [
            [
                0.0022533937192704212,
                -0.0003952223945493438,
                -0.0006361132911572193
            ],
            [
                -0.0003952223945493438,
                0.0014976758232509086,
                -0.00028525458412078015
            ],
            [
                -0.0006361132911572193,
                -0.00028525458412078015,
                0.0018480391138435128
            ]
        ],
        [
            [
                0.0013450415843636856,
                -0.0001298445723917043,
                0.0005655040101273178
            ],
            [
                -0.0001298445723917043,
                0.002405972200653417,
                -0.00040838649464906574
            ],
            [
                0.0005655040101273178,
                -0.00040838649464906574,
                0.0018505688345357761
            ]
        ],
        [
            [
                0.0020280662911010936,
                0.0005248071018303964,
                7.071504437067562e-05
            ],
            [
                0.0005248071018303964,
                0.0017221825934514367,
                0.0006937511172386672
            ],
            [
                7.071504437067562e-05,
                0.0006937511172386672,
                0.0018503649465287536
            ]
        ],
        [
            [
                0.0013450415843628753,
                0.0001298445723913226,
                -0.0005655040101274209
            ],
            [
                0.0001298445723913226,
                0.0024059722006533417,
                -0.00040838649464783203
            ],
            [
                -0.0005655040101274209,
                -0.00040838649464783203,
                0.0018505688345355435
            ]
        ],
        [
            [
                0.002028066291102048,
                -0.0005248071018309309,
                -7.071504437201156e-05
            ],
            [
                -0.0005248071018309309,
                0.00172218259345126,
                0.0006937511172392446
            ],
            [
                -7.071504437201156e-05,
                0.0006937511172392446,
                0.0018503649465294706
            ]
        ],
        [
            [
                0.002253393719272957,
                0.0003952223945506586,
                0.0006361132911563915
            ],
            [
                0.0003952223945506586,
                0.001497675823251692,
                -0.00028525458412095866
            ],
            [
                0.0006361132911563915,
                -0.00028525458412095866,
                0.001848039113842774
            ]
        ],
        [
            [
                0.000875073790789971,
                -9.421544295651826e-05,
                -2.2247540499524483e-05
            ],
            [
                -9.421544295651826e-05,
                0.0009832542378569876,
                -1.298002353955382e-05
            ],
            [
                -2.2247540499524483e-05,
                -1.298002353955382e-05,
                0.0008931665026410782
            ]
        ],
        [
            [
                0.000875073790790846,
                9.421544295706494e-05,
                2.2247540499249743e-05
            ],
            [
                9.421544295706494e-05,
                0.000983254237857504,
                -1.2980023539753145e-05
            ],
            [
                2.2247540499249743e-05,
                -1.2980023539753145e-05,
                0.000893166502640831
            ]
        ],
        [
            [
                0.0010369877926430934,
                -9.012718326366312e-17,
                -3.040749124765349e-16
            ],
            [
                -9.012718326366312e-17,
                0.0008201865529232161,
                2.55148161794334e-05
            ],
            [
                -3.040749124765349e-16,
                2.55148161794334e-05,
                0.0008915952550751591
            ]
        ]
    ],
    "debye_waller_unit": "angstrom ** 2",
    "temperature": 5.0,
    "temperature_unit": "kelvin"
}