{
    "__euphonic_class__": "DebyeWaller",
    "__euphonic_version__": "0.6.0",
    "crystal": {
        "atom_mass": [
            15.999399974160482,
            15.999399974160482,
            15.999399974160482,
            15.999399974160482,
            15.999399974160482,
            15.999399974160482,
            28.08549995464106,
            28.08549995464106,
            28.08549995464106
        ],
        "atom_mass_unit": "unified_atomic_mass_unit",
        "atom_r": [
            [
                0.411708114524831,
                0.275681856821381,
                0.279407602909167
            ],
            [
                0.72431814317862,
                0.13602625770345,
                0.946074269575834
            ],
            [
                0.86397374229655,
                0.588291885475169,
                0.6127409362425
            ],
            [
                0.13602625770345,
                0.72431814317862,
                0.053925730424166
            ],
            [
                0.588291885475169,
                0.86397374229655,
                0.3872590637575
            ],
            [
                0.275681856821381,
                0.411708114524831,
                0.720592397090833
            ],
            [
                0.464960105504908,
                0.0,
                0.166666666666667
            ],
            [
                0.0,
                0.464960105504908,
                0.833333333333333
            ],
            [
                0.535039894495092,
                0.535039894495092,
                0.5
            ]
        ],
        "atom_type": [
            "O",
            "O",
            "O",
            "O",
            "O",
            "O",
            "Si",
            "Si",
            "Si"
        ],
        "cell_vectors": [
            [
                2.4261758809569254,
                -4.202259893915576,
                0.0
            ],
            [
                2.4261758809569254,
                4.202259893915576,
                0.0
            ],
            [
                0.0,
                0.0,
                5.350304514188389
            ]
        ],
        "cell_vectors_unit": "angstrom",
        "n_atoms": 9
    },
    "debye_waller": [
        [
            [
                0.007631020657114457,
                -0.0013793018866538598,
                -0.0024079079498172226
            ],
            [
                -0.0013793018866538598,
                0.004265740881711612,
                -0.0006139592500305218
            ],
            [
                -0.0024079079498172226,
                -0.0006139592500305218,
                0.005638337095732615
            ]
        ],
        [
            [
                0.003921851421393671,
                -0.0007688544581733824,
                0.001740972414001679
            ],
            [
                -0.0007688544581733824,
                0.007975218549377041,
                -0.001780500717128149
            ],
            [
                0.001740972414001679,
                -0.001780500717128149,
                0.005659811379052202
            ]
        ],
        [
            [
                0.006294361969879463,
                0.0021445223175459386,
                0.000668275806595287
            ],
            [
                0.0021445223175459386,
                0.005592695704537783,
                0.0023959436281440023
            ],
            [
                0.000668275806595287,
                0.0023959436281440023,
                0.005660949775255742
            ]
        ],
        [
            [
                0.003921851421384119,
                0.0007688544581591624,
                -0.001740972414010966
            ],
            [
                0.0007688544581591624,
                0.0079752185493712,
                -0.0017805007171091368
            ],
            [
                -0.001740972414010966,
                -0.0017805007171091368,
                0.005659811379047509
            ]
        ],
        [
            [
                0.006294361969892408,
                -0.0021445223175611495,
                -0.0006682758066228077
            ],
            [
                -0.0021445223175611495,
                0.005592695704536924,
                0.0023959436281545277
            ],
            [
                -0.0006682758066228077,
                0.0023959436281545277,
                0.0056609497752675006
            ]
        ],
        [
            [
                0.007631020657143453,
                0.001379301886665945,
                0.0024079079497959714
            ],
            [
                0.001379301886665945,
                0.004265740881724486,
                -0.0006139592500323569
            ],
            [
                0.0024079079497959714,
                -0.0006139592500323569,
                0.005638337095722785
            ]
        ],
        [
            [
                0.0028372122326829185,
                -0.0004592974060354959,
                -0.00014045432438615437
            ],
            [
                -0.0004592974060354959,
                0.003360002643096924,
                -8.257987810282729e-05
            ],
            [
                -0.00014045432438615437,
                -8.257987810282729e-05,
                0.002781232914431649
            ]
        ],
        [
            [
                0.0028372122326935085,
                0.00045929740603543623,
                0.00014045432437380368
            ],
            [
                0.00045929740603543623,
                0.003360002643105746,
                -8.25798781057206e-05
            ],
            [
                0.00014045432437380368,
                -8.25798781057206e-05,
                0.00278123291442845
            ]
        ],
        [
            [
                0.003620623836999648,
                -5.3357961180784496e-15,
                -8.225075381105847e-15
            ],
            [
                -5.3357961180784496e-15,
                0.002565457606110306,
                0.00016251615471644208
            ],
            [
                -8.225075381105847e-15,
                0.00016251615471644208,
                0.0027692599478239327
            ]
        ]
    ],
    "debye_waller_unit": "angstrom ** 2",
    "temperature": 300.0,
    "temperature_unit": "kelvin"
}