{
    "__euphonic_class__": "DebyeWaller",
    "__euphonic_version__": "0.5.0+41.g29b6698.dirty",
    "crystal": {
        "atom_mass": [
            15.999399974160482,
            15.999399974160482,
            15.999399974160482,
            15.999399974160482,
            15.999399974160482,
            15.999399974160482,
            28.08549995464106,
            28.08549995464106,
            28.08549995464106
        ],
        "atom_mass_unit": "unified_atomic_mass_unit",
        "atom_r": [
            [
                0.411708114524831,
                0.275681856821381,
                0.279407602909167
            ],
            [
                0.72431814317862,
                0.13602625770345,
                0.946074269575834
            ],
            [
                0.86397374229655,
                0.588291885475169,
                0.6127409362425
            ],
            [
                0.13602625770345,
                0.72431814317862,
                0.053925730424166
            ],
            [
                0.588291885475169,
                0.86397374229655,
                0.3872590637575
            ],
            [
                0.275681856821381,
                0.411708114524831,
                0.720592397090833
            ],
            [
                0.464960105504908,
                0.0,
                0.166666666666667
            ],
            [
                0.0,
                0.464960105504908,
                0.833333333333333
            ],
            [
                0.535039894495092,
                0.535039894495092,
                0.5
            ]
        ],
        "atom_type": [
            "O",
            "O",
            "O",
            "O",
            "O",
            "O",
            "Si",
            "Si",
            "Si"
        ],
        "cell_vectors": [
            [
                2.4261758809569254,
                -4.202259893915576,
                0.0
            ],
            [
                2.4261758809569254,
                4.202259893915576,
                0.0
            ],
            [
                0.0,
                0.0,
                5.350304514188389
            ]
        ],
        "cell_vectors_unit": "angstrom",
        "n_atoms": 9
    },
    "debye_waller": [
        [
            [
                0.002253393719270425,
                -0.00039522239454934624,
                -0.0006361132911572191
            ],
            [
                -0.00039522239454934624,
                0.0014976758232509123,
                -0.00028525458412077863
            ],
            [
                -0.0006361132911572191,
                -0.00028525458412077863,
                0.001848039113843506
            ]
        ],
        [
            [
                0.0013450415843636813,
                -0.00012984457239170388,
                0.0005655040101273193
            ],
            [
                -0.00012984457239170388,
                0.0024059722006534094,
                -0.0004083864946490622
            ],
            [
                0.0005655040101273193,
                -0.0004083864946490622,
                0.0018505688345357783
            ]
        ],
        [
            [
                0.0020280662911010936,
                0.0005248071018303941,
                7.071504437067698e-05
            ],
            [
                0.0005248071018303941,
                0.0017221825934514332,
                0.0006937511172386662
            ],
            [
                7.071504437067698e-05,
                0.0006937511172386662,
                0.0018503649465287486
            ]
        ],
        [
            [
                0.0013450415843628768,
                0.00012984457239132295,
                -0.0005655040101274194
            ],
            [
                0.00012984457239132295,
                0.002405972200653344,
                -0.0004083864946478332
            ],
            [
                -0.0005655040101274194,
                -0.0004083864946478332,
                0.0018505688345355439
            ]
        ],
        [
            [
                0.002028066291102058,
                -0.0005248071018309317,
                -7.071504437201033e-05
            ],
            [
                -0.0005248071018309317,
                0.0017221825934512576,
                0.0006937511172392442
            ],
            [
                -7.071504437201033e-05,
                0.0006937511172392442,
                0.0018503649465294715
            ]
        ],
        [
            [
                0.002253393719272951,
                0.0003952223945506582,
                0.0006361132911563904
            ],
            [
                0.0003952223945506582,
                0.0014976758232516905,
                -0.0002852545841209583
            ],
            [
                0.0006361132911563904,
                -0.0002852545841209583,
                0.0018480391138427684
            ]
        ],
        [
            [
                0.0008750737907899687,
                -9.421544295651917e-05,
                -2.2247540499524453e-05
            ],
            [
                -9.421544295651917e-05,
                0.0009832542378569896,
                -1.2980023539554108e-05
            ],
            [
                -2.2247540499524453e-05,
                -1.2980023539554108e-05,
                0.0008931665026410789
            ]
        ],
        [
            [
                0.0008750737907908414,
                9.421544295706463e-05,
                2.224754049925028e-05
            ],
            [
                9.421544295706463e-05,
                0.0009832542378575028,
                -1.2980023539753208e-05
            ],
            [
                2.224754049925028e-05,
                -1.2980023539753208e-05,
                0.0008931665026408316
            ]
        ],
        [
            [
                0.0010369877926430914,
                -9.112008958977369e-17,
                -3.035835812080953e-16
            ],
            [
                -9.112008958977369e-17,
                0.0008201865529232147,
                2.5514816179433053e-05
            ],
            [
                -3.035835812080953e-16,
                2.5514816179433053e-05,
                0.0008915952550751601
            ]
        ]
    ],
    "debye_waller_unit": "angstrom ** 2",
    "temperature": 5.0,
    "temperature_unit": "kelvin"
}