{
    "__euphonic_class__": "DebyeWaller",
    "__euphonic_version__": "0.6.0",
    "crystal": {
        "atom_mass": [
            15.999400000000001,
            15.999400000000001,
            15.999400000000001,
            15.999400000000001,
            15.999400000000001,
            15.999400000000001,
            28.085500000000003,
            28.085500000000003,
            28.085500000000003
        ],
        "atom_mass_unit": "unified_atomic_mass_unit",
        "atom_r": [
            [
                0.411708,
                0.275682,
                0.279408
            ],
            [
                0.724318,
                0.136026,
                0.946074
            ],
            [
                0.863974,
                0.588292,
                0.612741
            ],
            [
                0.136026,
                0.724318,
                0.053926
            ],
            [
                0.588292,
                0.863974,
                0.387259
            ],
            [
                0.275682,
                0.411708,
                0.720592
            ],
            [
                0.46496,
                0.0,
                0.166667
            ],
            [
                0.0,
                0.46496,
                0.833333
            ],
            [
                0.53504,
                0.53504,
                0.5
            ]
        ],
        "atom_type": [
            "O",
            "O",
            "O",
            "O",
            "O",
            "O",
            "Si",
            "Si",
            "Si"
        ],
        "cell_vectors": [
            [
                2.426176,
                -4.20226,
                0.0
            ],
            [
                2.426176,
                4.20226,
                0.0
            ],
            [
                0.0,
                0.0,
                5.350305
            ]
        ],
        "cell_vectors_unit": "angstrom",
        "n_atoms": 9
    },
    "debye_waller": [
        [
            [
                0.007631029183287972,
                -0.0013792778434064332,
                -0.0024077608454659014
            ],
            [
                -0.0013792778434064332,
                0.004265684959309938,
                -0.0006140326651171584
            ],
            [
                -0.0024077608454659014,
                -0.0006140326651171584,
                0.005638221855404693
            ]
        ],
        [
            [
                0.0039218973220661625,
                -0.0007689115364592143,
                0.0017409847097484546
            ],
            [
                -0.0007689115364592143,
                0.007975088361801348,
                -0.00178057377473841
            ],
            [
                0.0017409847097484546,
                -0.00178057377473841,
                0.0056598523332583184
            ]
        ],
        [
            [
                0.006294559173464689,
                0.0021445543345427194,
                0.0006683562120776753
            ],
            [
                0.0021445543345427194,
                0.005592634046112093,
                0.002395988209212531
            ],
            [
                0.0006683562120776753,
                0.002395988209212531,
                0.005661025021730447
            ]
        ],
        [
            [
                0.003921897321463857,
                0.0007689113696542299,
                -0.0017409847066606348
            ],
            [
                0.0007689113696542299,
                0.007975088354386851,
                -0.0017805737898572182
            ],
            [
                -0.0017409847066606348,
                -0.0017805737898572182,
                0.005659852342554041
            ]
        ],
        [
            [
                0.006294559208642091,
                -0.0021445545339737263,
                -0.0006683562134938243
            ],
            [
                -0.0021445545339737263,
                0.005592634045351954,
                0.002395988211392795
            ],
            [
                -0.0006683562134938243,
                0.002395988211392795,
                0.005661025013057631
            ]
        ],
        [
            [
                0.007631029198266212,
                0.001379277658942912,
                0.002407760847128022
            ],
            [
                0.001379277658942912,
                0.004265684950626532,
                -0.000614032672273269
            ],
            [
                0.002407760847128022,
                -0.000614032672273269,
                0.005638221858931685
            ]
        ],
        [
            [
                0.00283724845660076,
                -0.0004593051226620776,
                -0.00014045555104318222
            ],
            [
                -0.0004593051226620776,
                0.0033599494769039878,
                -8.259140955217277e-05
            ],
            [
                -0.00014045555104318222,
                -8.259140955217277e-05,
                0.0027812178608193476
            ]
        ],
        [
            [
                0.0028372484544984446,
                0.0004593049553968499,
                0.00014045555372224096
            ],
            [
                0.0004593049553968499,
                0.00335994948304018,
                -8.259141537754491e-05
            ],
            [
                0.00014045555372224096,
                -8.259141537754491e-05,
                0.002781217863354678
            ]
        ],
        [
            [
                0.0036206734557933475,
                -9.435211813262044e-11,
                -8.402251652002568e-13
            ],
            [
                -9.435211813262044e-11,
                0.002565444907529909,
                0.00016250257818703275
            ],
            [
                -8.402251652002568e-13,
                0.00016250257818703275,
                0.002769290309811825
            ]
        ]
    ],
    "debye_waller_unit": "angstrom ** 2",
    "temperature": 300.0,
    "temperature_unit": "kelvin"
}