{
    "__euphonic_class__": "DebyeWaller",
    "__euphonic_version__": "0.6.1",
    "crystal": {
        "atom_mass": [
            15.999400000000001,
            15.999400000000001,
            15.999400000000001,
            15.999400000000001,
            15.999400000000001,
            15.999400000000001,
            28.085500000000003,
            28.085500000000003,
            28.085500000000003
        ],
        "atom_mass_unit": "unified_atomic_mass_unit",
        "atom_r": [
            [
                0.411708,
                0.275682,
                0.279408
            ],
            [
                0.724318,
                0.136026,
                0.946074
            ],
            [
                0.863974,
                0.588292,
                0.612741
            ],
            [
                0.136026,
                0.724318,
                0.053926
            ],
            [
                0.588292,
                0.863974,
                0.387259
            ],
            [
                0.275682,
                0.411708,
                0.720592
            ],
            [
                0.46496,
                0.0,
                0.166667
            ],
            [
                0.0,
                0.46496,
                0.833333
            ],
            [
                0.53504,
                0.53504,
                0.5
            ]
        ],
        "atom_type": [
            "O",
            "O",
            "O",
            "O",
            "O",
            "O",
            "Si",
            "Si",
            "Si"
        ],
        "cell_vectors": [
            [
                2.426176,
                -4.20226,
                0.0
            ],
            [
                2.426176,
                4.20226,
                0.0
            ],
            [
                0.0,
                0.0,
                5.350304
            ]
        ],
        "cell_vectors_unit": "angstrom",
        "n_atoms": 9
    },
    "debye_waller": [
        [
            [
                0.007514353903049378,
                -0.0015435833769511062,
                -0.002219569594306768
            ],
            [
                -0.0015435833769511062,
                0.00404292385417763,
                -0.0003869022286275764
            ],
            [
                -0.002219569594306768,
                -0.0003869022286275764,
                0.005535381021504498
            ]
        ],
        [
            [
                0.003817039607140813,
                -0.0008023291619366616,
                0.0017998613170592914
            ],
            [
                -0.0008023291619366616,
                0.007648175731314679,
                -0.0014967910166922191
            ],
            [
                0.0017998613170592914,
                -0.0014967910166922191,
                0.005663107702995059
            ]
        ],
        [
            [
                0.005950767673656938,
                0.0016680328709329714,
                0.0007282795116733874
            ],
            [
                0.0016680328709329714,
                0.005802928614695521,
                0.002481764373392264
            ],
            [
                0.0007282795116733874,
                0.002481764373392264,
                0.005722294481759105
            ]
        ],
        [
            [
                0.0037729996616959515,
                0.0009146758014583912,
                -0.0018621710815243553
            ],
            [
                0.0009146758014583912,
                0.0087179755904379,
                -0.0020646171205487987
            ],
            [
                -0.0018621710815243553,
                -0.0020646171205487987,
                0.005848658793860302
            ]
        ],
        [
            [
                0.006415499878563219,
                -0.0023326534393359574,
                -0.0004309601621758449
            ],
            [
                -0.0023326534393359574,
                0.00525844896142402,
                0.002220069624594504
            ],
            [
                -0.0004309601621758449,
                0.002220069624594504,
                0.005591693270490742
            ]
        ],
        [
            [
                0.007738561799000593,
                0.0012028498189921013,
                0.0026735664455647466
            ],
            [
                0.0012028498189921013,
                0.004676672724800409,
                -0.0005795130633555434
            ],
            [
                0.0026735664455647466,
                -0.0005795130633555434,
                0.005552262534922907
            ]
        ],
        [
            [
                0.002628337782695805,
                -0.00048772973965286614,
                -0.00014365591808402134
            ],
            [
                -0.00048772973965286614,
                0.0032391684690310928,
                -2.1145854295044785e-05
            ],
            [
                -0.00014365591808402134,
                -2.1145854295044785e-05,
                0.0028759647865074342
            ]
        ],
        [
            [
                0.002718412203701975,
                0.0003140625487653614,
                0.00015402706184443354
            ],
            [
                0.0003140625487653614,
                0.003694237347960363,
                -3.813895142504306e-05
            ],
            [
                0.00015402706184443354,
                -3.813895142504306e-05,
                0.0027280073954639213
            ]
        ],
        [
            [
                0.003640474308921803,
                -0.00025662647079866967,
                0.00023287656999267087
            ],
            [
                -0.00025662647079866967,
                0.0026540879779172674,
                0.00020033633180418386
            ],
            [
                0.00023287656999267087,
                0.00020033633180418386,
                0.002724202565316633
            ]
        ]
    ],
    "debye_waller_unit": "angstrom ** 2",
    "temperature": 300.0,
    "temperature_unit": "kelvin"
}