{
    "__euphonic_class__": "DebyeWaller",
    "__euphonic_version__": "0.6.3+7.g63730bb",
    "crystal": {
        "atom_mass": [
            12.0107,
            14.006700000000002,
            1.0079400000000003,
            1.0079400000000003,
            1.0079400000000003,
            1.0079400000000003,
            1.0079400000000003,
            1.0079400000000003,
            207.20000000000002,
            35.453,
            35.453,
            35.453
        ],
        "atom_mass_unit": "unified_atomic_mass_unit",
        "atom_r": [
            [
                0.381262888947155,
                0.500025598419022,
                0.448257708990916
            ],
            [
                0.621509256209514,
                0.500022451404959,
                0.546791503730184
            ],
            [
                0.398444562068981,
                0.500021399388181,
                0.258120453980602
            ],
            [
                0.286255713419614,
                0.661454578980873,
                0.506871171548191
            ],
            [
                0.286249594951307,
                0.33860284027142,
                0.506876771420245
            ],
            [
                0.718001623897308,
                0.651600047999132,
                0.495489280423527
            ],
            [
                0.717997353511095,
                0.348440589940786,
                0.495491981404683
            ],
            [
                0.619594404228295,
                0.500024225840356,
                0.727355704161191
            ],
            [
                0.950780957848963,
                2.4930655734e-05,
                0.981152658318024
            ],
            [
                0.913585818895513,
                2.2370269249e-05,
                0.474409946048063
            ],
            [
                0.900462983468628,
                0.500024874027524,
                0.023297321535502
            ],
            [
                0.449047246553583,
                3.091380286e-05,
                0.923830668438924
            ]
        ],
        "atom_type": [
            "C",
            "N",
            "H",
            "H",
            "H",
            "H",
            "H",
            "H",
            "Pb",
            "Cl",
            "Cl",
            "Cl"
        ],
        "cell_vectors": [
            [
                5.6267413476480925,
                4.167047275399998e-05,
                0.06208157703752296
            ],
            [
                -3.175506269199998e-05,
                5.594017113631925,
                2.5464719474999986e-05
            ],
            [
                0.05788661467824797,
                -3.429379099399998e-05,
                5.764824353217707
            ]
        ],
        "cell_vectors_unit": "angstrom",
        "n_atoms": 12
    },
    "debye_waller": [
        [
            [
                0.02097342505789477,
                -0.0009866907515582307,
                -0.009172720952044047
            ],
            [
                -0.0009866907515582307,
                0.03855155725447962,
                -0.00030563280470237116
            ],
            [
                -0.009172720952044047,
                -0.00030563280470237116,
                0.058736997912019445
            ]
        ],
        [
            [
                0.02473771858559226,
                -0.0011341057249370972,
                -0.007540273353910116
            ],
            [
                -0.0011341057249370972,
                0.019674583449911378,
                -2.9055402783498587e-05
            ],
            [
                -0.007540273353910116,
                -2.9055402783498587e-05,
                0.02836111348080419
            ]
        ],
        [
            [
                0.07768686842531909,
                -0.0012031710229087004,
                -0.04077239345146238
            ],
            [
                -0.0012031710229087004,
                0.1217642227783753,
                -0.0011647476339679125
            ],
            [
                -0.04077239345146238,
                -0.0011647476339679125,
                0.05577231618898252
            ]
        ],
        [
            [
                0.04020125761838569,
                0.02296109804138958,
                -0.0019285382642076103
            ],
            [
                0.02296109804138958,
                0.060520981835515915,
                -0.0066159783797939305
            ],
            [
                -0.0019285382642076103,
                -0.0066159783797939305,
                0.13932527057507588
            ]
        ],
        [
            [
                0.03928540640233144,
                -0.024428649085904065,
                -0.0016157149857149412
            ],
            [
                -0.024428649085904065,
                0.06053270083883465,
                0.006782537698936668
            ],
            [
                -0.0016157149857149412,
                0.006782537698936668,
                0.14232670100542444
            ]
        ],
        [
            [
                0.03302509464495478,
                -0.01072466412555656,
                -0.009570626258332977
            ],
            [
                -0.01072466412555656,
                0.033043565474003826,
                0.007964656515384187
            ],
            [
                -0.009570626258332977,
                0.007964656515384187,
                0.06389782566389977
            ]
        ],
        [
            [
                0.03259051719977174,
                0.008285761050533228,
                -0.009170855447424972
            ],
            [
                0.008285761050533228,
                0.03311506584478908,
                -0.007957468085066165
            ],
            [
                -0.009170855447424972,
                -0.007957468085066165,
                0.06461221080519186
            ]
        ],
        [
            [
                0.09295459631380562,
                -0.0009867524587377245,
                -0.015825576482048243
            ],
            [
                -0.0009867524587377245,
                0.049708733430468874,
                0.0002340776096637078
            ],
            [
                -0.015825576482048243,
                0.0002340776096637078,
                0.029727692936386024
            ]
        ],
        [
            [
                0.008601600819305418,
                -0.0003834079578539183,
                -0.0005371726408977808
            ],
            [
                -0.0003834079578539183,
                0.008804439736135969,
                3.8636470205482705e-05
            ],
            [
                -0.0005371726408977808,
                3.8636470205482705e-05,
                0.009756182723106474
            ]
        ],
        [
            [
                0.027436390662511974,
                -0.0006909915637024215,
                -0.0003131155445970577
            ],
            [
                -0.0006909915637024215,
                0.017650659211080333,
                8.507344479454056e-05
            ],
            [
                -0.0003131155445970577,
                8.507344479454056e-05,
                0.010447928335603467
            ]
        ],
        [
            [
                0.11997870693311466,
                -0.00039416722653025203,
                -0.01853393363185758
            ],
            [
                -0.00039416722653025203,
                0.008809509365940741,
                -4.5600127295332645e-05
            ],
            [
                -0.01853393363185758,
                -4.5600127295332645e-05,
                0.02571765790113368
            ]
        ],
        [
            [
                0.008868709465478967,
                -0.00027593618275344753,
                5.107959738543307e-05
            ],
            [
                -0.00027593618275344753,
                0.20144371970252373,
                0.00012510783417382025
            ],
            [
                5.107959738543307e-05,
                0.00012510783417382025,
                0.04576848999726073
            ]
        ]
    ],
    "debye_waller_unit": "angstrom ** 2",
    "temperature": 300,
    "temperature_unit": "kelvin"
}