{
    "__euphonic_class__": "DebyeWaller",
    "__euphonic_version__": "0.6.3+7.g63730bb",
    "crystal": {
        "atom_mass": [
            12.0107,
            14.006700000000002,
            1.0079400000000003,
            1.0079400000000003,
            1.0079400000000003,
            1.0079400000000003,
            1.0079400000000003,
            1.0079400000000003,
            207.20000000000002,
            35.453,
            35.453,
            35.453
        ],
        "atom_mass_unit": "unified_atomic_mass_unit",
        "atom_r": [
            [
                0.381262888947155,
                0.500025598419022,
                0.448257708990916
            ],
            [
                0.621509256209514,
                0.500022451404959,
                0.546791503730184
            ],
            [
                0.398444562068981,
                0.500021399388181,
                0.258120453980602
            ],
            [
                0.286255713419614,
                0.661454578980873,
                0.506871171548191
            ],
            [
                0.286249594951307,
                0.33860284027142,
                0.506876771420245
            ],
            [
                0.718001623897308,
                0.651600047999132,
                0.495489280423527
            ],
            [
                0.717997353511095,
                0.348440589940786,
                0.495491981404683
            ],
            [
                0.619594404228295,
                0.500024225840356,
                0.727355704161191
            ],
            [
                0.950780957848963,
                2.4930655734e-05,
                0.981152658318024
            ],
            [
                0.913585818895513,
                2.2370269249e-05,
                0.474409946048063
            ],
            [
                0.900462983468628,
                0.500024874027524,
                0.023297321535502
            ],
            [
                0.449047246553583,
                3.091380286e-05,
                0.923830668438924
            ]
        ],
        "atom_type": [
            "C",
            "N",
            "H",
            "H",
            "H",
            "H",
            "H",
            "H",
            "Pb",
            "Cl",
            "Cl",
            "Cl"
        ],
        "cell_vectors": [
            [
                5.6267413476480925,
                4.167047275399998e-05,
                0.06208157703752296
            ],
            [
                -3.175506269199998e-05,
                5.594017113631925,
                2.5464719474999986e-05
            ],
            [
                0.05788661467824797,
                -3.429379099399998e-05,
                5.764824353217707
            ]
        ],
        "cell_vectors_unit": "angstrom",
        "n_atoms": 12
    },
    "debye_waller": [
        [
            [
                0.0036387851802165915,
                -3.436426990690845e-05,
                -0.0010460734053147635
            ],
            [
                -3.436426990690845e-05,
                0.006302341970253237,
                -1.4061334644819001e-05
            ],
            [
                -0.0010460734053147635,
                -1.4061334644819001e-05,
                0.007250789256595596
            ]
        ],
        [
            [
                0.0037339345435751497,
                -4.53075954413271e-05,
                -0.0006476358110590501
            ],
            [
                -4.53075954413271e-05,
                0.00367165061834779,
                -3.2128380777802634e-06
            ],
            [
                -0.0006476358110590501,
                -3.2128380777802634e-06,
                0.0038369260736424416
            ]
        ],
        [
            [
                0.016985785021551687,
                -5.423130246657718e-05,
                -0.004517940941487088
            ],
            [
                -5.423130246657718e-05,
                0.031219341171184883,
                -6.97410554138876e-05
            ],
            [
                -0.004517940941487088,
                -6.97410554138876e-05,
                0.009114770528462178
            ]
        ],
        [
            [
                0.01244219635157784,
                0.006759534820255893,
                -0.0015700947240459612
            ],
            [
                0.006759534820255893,
                0.015205828496874945,
                -0.004470489023631258
            ],
            [
                -0.0015700947240459612,
                -0.004470489023631258,
                0.027913675720975414
            ]
        ],
        [
            [
                0.012366193207694172,
                -0.0067847272699213005,
                -0.0015428056376485609
            ],
            [
                -0.0067847272699213005,
                0.015206236636894875,
                0.004497823357389814
            ],
            [
                -0.0015428056376485609,
                0.004497823357389814,
                0.028109510130741144
            ]
        ],
        [
            [
                0.010563504408301783,
                -0.004186987684157003,
                -0.001386632994329351
            ],
            [
                -0.004186987684157003,
                0.010766969432123429,
                0.0036089809041319025
            ],
            [
                -0.001386632994329351,
                0.0036089809041319025,
                0.016616132699905042
            ]
        ],
        [
            [
                0.010530493852720238,
                0.004083251290111281,
                -0.0013615654151027618
            ],
            [
                0.004083251290111281,
                0.01077608510960415,
                -0.0036130727418552657
            ],
            [
                -0.0013615654151027618,
                -0.0036130727418552657,
                0.01664968622440041
            ]
        ],
        [
            [
                0.017109929971817546,
                -3.181166164243724e-05,
                -0.0014871619808184992
            ],
            [
                -3.181166164243724e-05,
                0.01796966038977034,
                1.0837298926576373e-05
            ],
            [
                -0.0014871619808184992,
                1.0837298926576373e-05,
                0.006185813791583977
            ]
        ],
        [
            [
                0.0007650583133369068,
                -6.973599365337553e-06,
                -1.2705037248770633e-05
            ],
            [
                -6.973599365337553e-06,
                0.0007470421532502169,
                9.958479482781816e-07
            ],
            [
                -1.2705037248770633e-05,
                9.958479482781816e-07,
                0.0008099572805586588
            ]
        ],
        [
            [
                0.0033885242211292824,
                -1.6084922095646333e-05,
                6.148080833653097e-05
            ],
            [
                -1.6084922095646333e-05,
                0.0026816354191059395,
                2.731052114445304e-06
            ],
            [
                6.148080833653097e-05,
                2.731052114445304e-06,
                0.0017907070033540769
            ]
        ],
        [
            [
                0.0056265465080726764,
                -7.099234086234278e-06,
                -0.000665582100575177
            ],
            [
                -7.099234086234278e-06,
                0.0015953271183729806,
                -7.700333091404064e-07
            ],
            [
                -0.000665582100575177,
                -7.700333091404064e-07,
                0.0031879343881124336
            ]
        ],
        [
            [
                0.001709445137389261,
                -4.129035827952911e-06,
                4.9405273177919784e-05
            ],
            [
                -4.129035827952911e-06,
                0.00827259544973754,
                8.128759473416321e-07
            ],
            [
                4.9405273177919784e-05,
                8.128759473416321e-07,
                0.004635712966152924
            ]
        ]
    ],
    "debye_waller_unit": "angstrom ** 2",
    "temperature": 5,
    "temperature_unit": "kelvin"
}