{
    "crystal": {
        "atom_mass": [
            15.999399987607514,
            15.999399987607514,
            15.999399987607514,
            15.999399987607514,
            15.999399987607514,
            15.999399987607514,
            15.999399987607514,
            15.999399987607514,
            15.999399987607514,
            15.999399987607514,
            15.999399987607514,
            15.999399987607514,
            15.999399987607514,
            15.999399987607514,
            91.2239999293416,
            91.2239999293416,
            91.2239999293416,
            91.2239999293416,
            138.90549989240947,
            138.90549989240947,
            138.90549989240947,
            138.90549989240947
        ],
        "atom_mass_unit": "unified_atomic_mass_unit",
        "atom_r": [
            [
                0.125,
                0.125,
                0.125
            ],
            [
                0.875,
                0.875,
                0.875
            ],
            [
                0.418619427458359,
                0.418619427458359,
                0.831380572541641
            ],
            [
                0.831380572541641,
                0.831380572541641,
                0.418619427458359
            ],
            [
                0.418619427458359,
                0.831380572541641,
                0.418619427458359
            ],
            [
                0.831380572541641,
                0.418619427458359,
                0.831380572541641
            ],
            [
                0.831380572541641,
                0.418619427458359,
                0.418619427458359
            ],
            [
                0.418619427458359,
                0.831380572541641,
                0.831380572541641
            ],
            [
                0.168619427458359,
                0.581380572541641,
                0.168619427458359
            ],
            [
                0.581380572541641,
                0.168619427458359,
                0.581380572541641
            ],
            [
                0.168619427458359,
                0.168619427458359,
                0.581380572541641
            ],
            [
                0.581380572541641,
                0.581380572541641,
                0.168619427458359
            ],
            [
                0.168619427458359,
                0.581380572541641,
                0.581380572541641
            ],
            [
                0.581380572541641,
                0.168619427458359,
                0.168619427458359
            ],
            [
                0.5,
                0.5,
                0.5
            ],
            [
                0.0,
                0.5,
                0.5
            ],
            [
                0.5,
                0.0,
                0.5
            ],
            [
                0.5,
                0.5,
                0.0
            ],
            [
                0.0,
                0.0,
                0.0
            ],
            [
                0.5,
                0.0,
                0.0
            ],
            [
                0.0,
                0.5,
                0.0
            ],
            [
                0.0,
                0.0,
                0.5
            ]
        ],
        "atom_type": [
            "O",
            "O",
            "O",
            "O",
            "O",
            "O",
            "O",
            "O",
            "O",
            "O",
            "O",
            "O",
            "O",
            "O",
            "Zr",
            "Zr",
            "Zr",
            "Zr",
            "La",
            "La",
            "La",
            "La"
        ],
        "cell_vectors": [
            [
                7.583912824349999,
                1.8412792137035698e-32,
                0.0
            ],
            [
                3.791956412170034,
                3.791956412170034,
                5.362636186024768
            ],
            [
                3.791956412170034,
                -3.791956412170034,
                5.362636186024768
            ]
        ],
        "cell_vectors_unit": "angstrom",
        "n_atoms": 22
    },
    "debye_waller": [
        [
            [
                0.002306833251593259,
                -1.4755609619337112e-16,
                -5.366722958085139e-06
            ],
            [
                -1.4755609619337112e-16,
                0.002314422943993734,
                1.1906546349717594e-17
            ],
            [
                -5.366722958085139e-06,
                1.1906546349717594e-17,
                0.0023106280977910195
            ]
        ],
        [
            [
                0.002306801367688856,
                -1.3865993885925956e-16,
                -5.3718312468352406e-06
            ],
            [
                -1.3865993885925956e-16,
                0.0023143982843005445,
                1.2008116714350346e-17
            ],
            [
                -5.3718312468352406e-06,
                1.2008116714350346e-17,
                0.0023105998259922785
            ]
        ],
        [
            [
                0.0032438921070458027,
                0.00046018184458992495,
                -0.0008196919454792087
            ],
            [
                0.00046018184458992495,
                0.003250909068784577,
                0.0008147302042597953
            ],
            [
                -0.0008196919454792087,
                0.0008147302042597953,
                0.0027872187433205897
            ]
        ],
        [
            [
                0.0032438037586377906,
                0.00045965962673138154,
                0.0008095333553383309
            ],
            [
                0.00045965962673138154,
                0.0032511146752673492,
                -0.0008147029540564166
            ],
            [
                0.0008095333553383309,
                -0.0008147029540564166,
                0.0027877995902195426
            ]
        ],
        [
            [
                0.0032438921070457893,
                -0.00046018184459024967,
                -0.0008196919454792
            ],
            [
                -0.00046018184459024967,
                0.003250909068784579,
                -0.0008147302042597586
            ],
            [
                -0.0008196919454792,
                -0.0008147302042597586,
                0.002787218743320591
            ]
        ],
        [
            [
                0.0032438037586377893,
                -0.00045965962673169634,
                0.0008095333553383263
            ],
            [
                -0.00045965962673169634,
                0.003251114675267343,
                0.0008147029540564296
            ],
            [
                0.0008095333553383263,
                0.0008147029540564296,
                0.002787799590219546
            ]
        ],
        [
            [
                0.0016315077579192815,
                -1.6066048522728926e-16,
                -4.961741222359216e-06
            ],
            [
                -1.6066048522728926e-16,
                0.003942929728733848,
                1.1382789320319402e-17
            ],
            [
                -4.961741222359216e-06,
                1.1382789320319402e-17,
                0.003707582432501323
            ]
        ],
        [
            [
                0.003936308098837903,
                -1.528607873900935e-16,
                -5.169598716858129e-06
            ],
            [
                -1.528607873900935e-16,
                0.001639291081601286,
                1.097008007166945e-17
            ],
            [
                -5.169598716858129e-06,
                1.097008007166945e-17,
                0.003707118843680163
            ]
        ],
        [
            [
                0.0032438471574447775,
                -0.00045968058799258763,
                0.0008095412594129266
            ],
            [
                -0.00045968058799258763,
                0.003251172497609923,
                0.0008147210571108612
            ],
            [
                0.0008095412594129266,
                0.0008147210571108612,
                0.0027878292395334264
            ]
        ],
        [
            [
                0.003243916954413039,
                -0.0004601946942550156,
                -0.0008196972036181992
            ],
            [
                -0.0004601946942550156,
                0.003250928207474011,
                -0.0008147394990435571
            ],
            [
                -0.0008196972036181992,
                -0.0008147394990435571,
                0.0027872278866841564
            ]
        ],
        [
            [
                0.003243847157444753,
                0.0004596805879922566,
                0.0008095412594129357
            ],
            [
                0.0004596805879922566,
                0.0032511724976098987,
                -0.000814721057110849
            ],
            [
                0.0008095412594129357,
                -0.000814721057110849,
                0.0027878292395334234
            ]
        ],
        [
            [
                0.0032439169544130424,
                0.0004601946942546857,
                -0.0008196972036182071
            ],
            [
                0.0004601946942546857,
                0.0032509282074740017,
                0.0008147394990435959
            ],
            [
                -0.0008196972036182071,
                0.0008147394990435959,
                0.0027872278866841555
            ]
        ],
        [
            [
                0.001631506610812462,
                -1.623607245445473e-16,
                -4.957704577561325e-06
            ],
            [
                -1.623607245445473e-16,
                0.003942949162567783,
                1.0744182239272721e-17
            ],
            [
                -4.957704577561325e-06,
                1.0744182239272721e-17,
                0.0037076172751944335
            ]
        ],
        [
            [
                0.003936356137969076,
                -1.5808701979582775e-16,
                -5.179797696681627e-06
            ],
            [
                -1.5808701979582775e-16,
                0.0016393023410978666,
                1.1338696779478046e-17
            ],
            [
                -5.179797696681627e-06,
                1.1338696779478046e-17,
                0.003707190415515789
            ]
        ],
        [
            [
                0.0016592269302717416,
                -1.5589390141323407e-16,
                -5.135709100264299e-06
            ],
            [
                -1.5589390141323407e-16,
                0.0016664899197399992,
                1.3252980877217771e-17
            ],
            [
                -5.135709100264299e-06,
                1.3252980877217771e-17,
                0.0016628584250037346
            ]
        ],
        [
            [
                0.001659268380033107,
                -1.5159718952468185e-16,
                -4.949287492919057e-06
            ],
            [
                -1.5159718952468185e-16,
                0.0016675115165988188,
                7.249017962597532e-18
            ],
            [
                -4.949287492919057e-06,
                7.249017962597532e-18,
                0.0016642592076990554
            ]
        ],
        [
            [
                0.0016603249032571556,
                -4.346296927561328e-07,
                -5.389032626180158e-06
            ],
            [
                -4.346296927561328e-07,
                0.0016673242527599638,
                -4.397451332490343e-07
            ],
            [
                -5.389032626180158e-06,
                -4.397451332490343e-07,
                0.0016633899483138356
            ]
        ],
        [
            [
                0.0016603249032571671,
                4.3462969245227246e-07,
                -5.3890326261845185e-06
            ],
            [
                4.3462969245227246e-07,
                0.0016673242527599616,
                4.397451332706132e-07
            ],
            [
                -5.3890326261845185e-06,
                4.397451332706132e-07,
                0.0016633899483138365
            ]
        ],
        [
            [
                0.002214575922672508,
                -1.4061941416182228e-16,
                -0.0012542083225810354
            ],
            [
                -1.4061941416182228e-16,
                0.003988294342520708,
                7.979840007608517e-18
            ],
            [
                -0.0012542083225810354,
                7.979840007608517e-18,
                0.003101435132589554
            ]
        ],
        [
            [
                0.0022145791688261162,
                -1.4971218636558594e-16,
                0.0012436031273791973
            ],
            [
                -1.4971218636558594e-16,
                0.003988450852584025,
                9.786820395199771e-18
            ],
            [
                0.0012436031273791973,
                9.786820395199771e-18,
                0.003101379883571516
            ]
        ],
        [
            [
                0.003980807651607485,
                6.756356539851569e-08,
                -5.356784574225024e-06
            ],
            [
                6.756356539851569e-08,
                0.002222087242666952,
                -0.0012489599119566903
            ],
            [
                -5.356784574225024e-06,
                -0.0012489599119566903,
                0.00310151501070031
            ]
        ],
        [
            [
                0.003980807651607465,
                -6.756356569835927e-08,
                -5.356784574222934e-06
            ],
            [
                -6.756356569835927e-08,
                0.0022220872426669492,
                0.0012489599119567085
            ],
            [
                -5.356784574222934e-06,
                0.0012489599119567085,
                0.0031015150107003035
            ]
        ]
    ],
    "debye_waller_unit": "angstrom ** 2",
    "temperature": 300.0,
    "temperature_unit": "kelvin"
}