{
    "crystal": {
        "atom_mass": [
            15.999399987607514,
            15.999399987607514,
            15.999399987607514,
            15.999399987607514,
            15.999399987607514,
            15.999399987607514,
            15.999399987607514,
            15.999399987607514,
            15.999399987607514,
            15.999399987607514,
            15.999399987607514,
            15.999399987607514,
            15.999399987607514,
            15.999399987607514,
            91.2239999293416,
            91.2239999293416,
            91.2239999293416,
            91.2239999293416,
            138.90549989240947,
            138.90549989240947,
            138.90549989240947,
            138.90549989240947
        ],
        "atom_mass_unit": "unified_atomic_mass_unit",
        "atom_r": [
            [
                0.125,
                0.125,
                0.125
            ],
            [
                0.875,
                0.875,
                0.875
            ],
            [
                0.418619427458359,
                0.418619427458359,
                0.831380572541641
            ],
            [
                0.831380572541641,
                0.831380572541641,
                0.418619427458359
            ],
            [
                0.418619427458359,
                0.831380572541641,
                0.418619427458359
            ],
            [
                0.831380572541641,
                0.418619427458359,
                0.831380572541641
            ],
            [
                0.831380572541641,
                0.418619427458359,
                0.418619427458359
            ],
            [
                0.418619427458359,
                0.831380572541641,
                0.831380572541641
            ],
            [
                0.168619427458359,
                0.581380572541641,
                0.168619427458359
            ],
            [
                0.581380572541641,
                0.168619427458359,
                0.581380572541641
            ],
            [
                0.168619427458359,
                0.168619427458359,
                0.581380572541641
            ],
            [
                0.581380572541641,
                0.581380572541641,
                0.168619427458359
            ],
            [
                0.168619427458359,
                0.581380572541641,
                0.581380572541641
            ],
            [
                0.581380572541641,
                0.168619427458359,
                0.168619427458359
            ],
            [
                0.5,
                0.5,
                0.5
            ],
            [
                0.0,
                0.5,
                0.5
            ],
            [
                0.5,
                0.0,
                0.5
            ],
            [
                0.5,
                0.5,
                0.0
            ],
            [
                0.0,
                0.0,
                0.0
            ],
            [
                0.5,
                0.0,
                0.0
            ],
            [
                0.0,
                0.5,
                0.0
            ],
            [
                0.0,
                0.0,
                0.5
            ]
        ],
        "atom_type": [
            "O",
            "O",
            "O",
            "O",
            "O",
            "O",
            "O",
            "O",
            "O",
            "O",
            "O",
            "O",
            "O",
            "O",
            "Zr",
            "Zr",
            "Zr",
            "Zr",
            "La",
            "La",
            "La",
            "La"
        ],
        "cell_vectors": [
            [
                7.583912824349999,
                1.8412792137035698e-32,
                0.0
            ],
            [
                3.791956412170034,
                3.791956412170034,
                5.362636186024768
            ],
            [
                3.791956412170034,
                -3.791956412170034,
                5.362636186024768
            ]
        ],
        "cell_vectors_unit": "angstrom",
        "n_atoms": 22
    },
    "debye_waller": [
        [
            [
                0.0013276859254531866,
                -7.44646242941867e-18,
                -1.3981794873783927e-07
            ],
            [
                -7.44646242941867e-18,
                0.0013278836578952432,
                2.880329602088744e-19
            ],
            [
                -1.3981794873783927e-07,
                2.880329602088744e-19,
                0.001327784791673482
            ]
        ],
        [
            [
                0.0013276815607409897,
                -6.36355501899e-18,
                -1.40378185272966e-07
            ],
            [
                -6.36355501899e-18,
                0.0013278800854771371,
                2.949360282719038e-19
            ],
            [
                -1.40378185272966e-07,
                2.949360282719038e-19,
                0.0013277808231083215
            ]
        ],
        [
            [
                0.0016918445493128334,
                0.00018160683612503188,
                -0.0003237988541146598
            ],
            [
                0.00018160683612503188,
                0.0016920293930017653,
                0.000323668149891471
            ],
            [
                -0.0003237988541146598,
                0.000323668149891471,
                0.0015103301350307594
            ]
        ],
        [
            [
                0.0016918391033180478,
                0.00018159521299253612,
                0.0003235305339456924
            ],
            [
                0.00018159521299253612,
                0.0016920313357807533,
                -0.00032366646282100425
            ],
            [
                0.0003235305339456924,
                -0.00032366646282100425,
                0.001510340006556578
            ]
        ],
        [
            [
                0.0016918445493128264,
                -0.00018160683612505207,
                -0.0003237988541146579
            ],
            [
                -0.00018160683612505207,
                0.0016920293930017677,
                -0.00032366814989146837
            ],
            [
                -0.0003237988541146579,
                -0.00032366814989146837,
                0.0015103301350307542
            ]
        ],
        [
            [
                0.0016918391033180476,
                -0.0001815952129925544,
                0.00032353053394569206
            ],
            [
                -0.0001815952129925544,
                0.0016920313357807583,
                0.0003236664628210031
            ],
            [
                0.00032353053394569206,
                0.0003236664628210031,
                0.0015103400065565769
            ]
        ],
        [
            [
                0.001052501825903458,
                -9.660172730701507e-18,
                -1.307042239913425e-07
            ],
            [
                -9.660172730701507e-18,
                0.001968158444161342,
                2.576157912364585e-19
            ],
            [
                -1.307042239913425e-07,
                2.576157912364585e-19,
                0.0018735438072813254
            ]
        ],
        [
            [
                0.0019679773917325137,
                -8.198055821422031e-18,
                -1.3592887517851365e-07
            ],
            [
                -8.198055821422031e-18,
                0.0010527026213807639,
                2.5579015357276946e-19
            ],
            [
                -1.3592887517851365e-07,
                2.5579015357276946e-19,
                0.00187353043254092
            ]
        ],
        [
            [
                0.0016918455799958111,
                -0.00018159815509843162,
                0.0003235316526982239
            ],
            [
                -0.00018159815509843162,
                0.0016920395584764545,
                0.0003236688161946688
            ],
            [
                0.0003235316526982239,
                0.0003236688161946688,
                0.0015103444141374102
            ]
        ],
        [
            [
                0.0016918480140714163,
                -0.0001816080703493453,
                -0.00032379929773322403
            ],
            [
                -0.0001816080703493453,
                0.0016920317891260426,
                -0.0003236693491486048
            ],
            [
                -0.00032379929773322403,
                -0.0003236693491486048,
                0.0015103318312478953
            ]
        ],
        [
            [
                0.001691845579995805,
                0.0001815981550984101,
                0.0003235316526982263
            ],
            [
                0.0001815981550984101,
                0.0016920395584764517,
                -0.0003236688161946703
            ],
            [
                0.0003235316526982263,
                -0.0003236688161946703,
                0.0015103444141374189
            ]
        ],
        [
            [
                0.0016918480140714167,
                0.00018160807034932496,
                -0.00032379929773322517
            ],
            [
                0.00018160807034932496,
                0.0016920317891260326,
                0.0003236693491486055
            ],
            [
                -0.00032379929773322517,
                0.0003236693491486055,
                0.0015103318312478982
            ]
        ],
        [
            [
                0.0010525023604320586,
                -9.999076717336789e-18,
                -1.2994858542289681e-07
            ],
            [
                -9.999076717336789e-18,
                0.0019681613020670337,
                1.1743144490548291e-19
            ],
            [
                -1.2994858542289681e-07,
                1.1743144490548291e-19,
                0.0018735479719470484
            ]
        ],
        [
            [
                0.0019679842544773284,
                -8.964109512498852e-18,
                -1.3716349631225165e-07
            ],
            [
                -8.964109512498852e-18,
                0.001052704573797629,
                3.0415731401373484e-19
            ],
            [
                -1.3716349631225165e-07,
                3.0415731401373484e-19,
                0.0018735407243334697
            ]
        ],
        [
            [
                0.0005357338759910114,
                -8.151993532649822e-18,
                9.064910432203497e-06
            ],
            [
                -8.151993532649822e-18,
                0.000522914156717176,
                5.0804743962832165e-19
            ],
            [
                9.064910432203497e-06,
                5.0804743962832165e-19,
                0.0005293240163538016
            ]
        ],
        [
            [
                0.0005357350171865595,
                -7.3945576379334e-18,
                -9.327881182208632e-06
            ],
            [
                -7.3945576379334e-18,
                0.0005229401289527394,
                -1.8117441890952295e-19
            ],
            [
                -9.327881182208632e-06,
                -1.8117441890952295e-19,
                0.0005293624584938125
            ]
        ],
        [
            [
                0.0005227542077432966,
                -1.2442712249340042e-08,
                -1.402644734030092e-07
            ],
            [
                -1.2442712249340042e-08,
                0.0005359458238204832,
                9.187616708819873e-06
            ],
            [
                -1.402644734030092e-07,
                9.187616708819873e-06,
                0.0005293375730693275
            ]
        ],
        [
            [
                0.0005227542077432951,
                1.2442712234732224e-08,
                -1.402644734032886e-07
            ],
            [
                1.2442712234732224e-08,
                0.0005359458238204831,
                -9.187616708819436e-06
            ],
            [
                -1.402644734032886e-07,
                -9.187616708819436e-06,
                0.0005293375730693304
            ]
        ],
        [
            [
                0.0004963287580730264,
                -5.728242294177478e-18,
                -0.00015282926915401895
            ],
            [
                -5.728242294177478e-18,
                0.0007124619832394238,
                -1.6197839589371765e-20
            ],
            [
                -0.00015282926915401895,
                -1.6197839589371765e-20,
                0.0006043953706555655
            ]
        ],
        [
            [
                0.0004963324839023162,
                -6.361818053037156e-18,
                0.00015256029997668622
            ],
            [
                -6.361818053037156e-18,
                0.0007124698552067748,
                1.7248245515698493e-19
            ],
            [
                0.00015256029997668622,
                1.7248245515698493e-19,
                0.0006044010757938665
            ]
        ],
        [
            [
                0.000712277545327019,
                4.6880286008795936e-11,
                -1.3595046963673368e-07
            ],
            [
                4.6880286008795936e-11,
                0.0004965247000213222,
                -0.00015269625044658468
            ],
            [
                -1.3595046963673368e-07,
                -0.00015269625044658468,
                0.0006044011695541124
            ]
        ],
        [
            [
                0.0007122775453270171,
                -4.688029884394648e-11,
                -1.359504696363871e-07
            ],
            [
                -4.688029884394648e-11,
                0.0004965247000213205,
                0.00015269625044658528
            ],
            [
                -1.359504696363871e-07,
                0.00015269625044658528,
                0.0006044011695541138
            ]
        ]
    ],
    "debye_waller_unit": "angstrom ** 2",
    "temperature": 5.0,
    "temperature_unit": "kelvin"
}