{
    "crystal": {
        "atom_mass": [
            15.999400000000001,
            15.999400000000001,
            15.999400000000001,
            15.999400000000001,
            15.999400000000001,
            15.999400000000001,
            15.999400000000001,
            15.999400000000001,
            15.999400000000001,
            15.999400000000001,
            15.999400000000001,
            15.999400000000001,
            15.999400000000001,
            15.999400000000001,
            91.22400000000002,
            91.22400000000002,
            91.22400000000002,
            91.22400000000002,
            138.9055,
            138.9055,
            138.9055,
            138.9055
        ],
        "atom_mass_unit": "unified_atomic_mass_unit",
        "atom_r": [
            [
                0.125,
                0.125,
                0.125
            ],
            [
                0.875,
                0.875,
                0.875
            ],
            [
                0.418619,
                0.418619,
                0.831381
            ],
            [
                0.831381,
                0.831381,
                0.418619
            ],
            [
                0.418619,
                0.831381,
                0.418619
            ],
            [
                0.831381,
                0.418619,
                0.831381
            ],
            [
                0.831381,
                0.418619,
                0.418619
            ],
            [
                0.418619,
                0.831381,
                0.831381
            ],
            [
                0.168619,
                0.581381,
                0.168619
            ],
            [
                0.581381,
                0.168619,
                0.581381
            ],
            [
                0.168619,
                0.168619,
                0.581381
            ],
            [
                0.581381,
                0.581381,
                0.168619
            ],
            [
                0.168619,
                0.581381,
                0.581381
            ],
            [
                0.581381,
                0.168619,
                0.168619
            ],
            [
                0.5,
                0.5,
                0.5
            ],
            [
                0.0,
                0.5,
                0.5
            ],
            [
                0.5,
                0.0,
                0.5
            ],
            [
                0.5,
                0.5,
                0.0
            ],
            [
                0.0,
                0.0,
                0.0
            ],
            [
                0.5,
                0.0,
                0.0
            ],
            [
                0.0,
                0.5,
                0.0
            ],
            [
                0.0,
                0.0,
                0.5
            ]
        ],
        "atom_type": [
            "O",
            "O",
            "O",
            "O",
            "O",
            "O",
            "O",
            "O",
            "O",
            "O",
            "O",
            "O",
            "O",
            "O",
            "Zr",
            "Zr",
            "Zr",
            "Zr",
            "La",
            "La",
            "La",
            "La"
        ],
        "cell_vectors": [
            [
                7.583913,
                0.0,
                0.0
            ],
            [
                3.791956,
                3.791956,
                5.362636
            ],
            [
                3.791956,
                -3.791956,
                5.362636
            ]
        ],
        "cell_vectors_unit": "angstrom",
        "n_atoms": 22
    },
    "debye_waller": [
        [
            [
                0.0013228715828368337,
                9.610579395974208e-07,
                7.341001742327008e-06
            ],
            [
                9.610579395974208e-07,
                0.0013442294574847991,
                -3.886149649644286e-07
            ],
            [
                7.341001742327008e-06,
                -3.886149649644286e-07,
                0.0013162473829241765
            ]
        ],
        [
            [
                0.0013228715828366897,
                9.61057939712362e-07,
                7.341001742407636e-06
            ],
            [
                9.61057939712362e-07,
                0.0013442294574849533,
                -3.8861496524756e-07
            ],
            [
                7.341001742407636e-06,
                -3.8861496524756e-07,
                0.001316247382924643
            ]
        ],
        [
            [
                0.0016945508937579116,
                0.00018366386007923418,
                -0.00032245651256165365
            ],
            [
                0.00018366386007923418,
                0.0016925605294635375,
                0.00032089903552054406
            ],
            [
                -0.00032245651256165365,
                0.00032089903552054406,
                0.001506273181560599
            ]
        ],
        [
            [
                0.0016959743797096056,
                0.0001833425485027901,
                0.0003294507401154875
            ],
            [
                0.0001833425485027901,
                0.0016947262522718834,
                -0.00032959564260951125
            ],
            [
                0.0003294507401154875,
                -0.00032959564260951125,
                0.001508335869405718
            ]
        ],
        [
            [
                0.0016960890374035321,
                -0.0001813304734318175,
                -0.00032318709642181135
            ],
            [
                -0.0001813304734318175,
                0.00169373261794427,
                -0.0003216948694895494
            ],
            [
                -0.00032318709642181135,
                -0.0003216948694895494,
                0.0015063326584713688
            ]
        ],
        [
            [
                0.0016967031194971597,
                -0.00018087836731914606,
                0.0003294849442819307
            ],
            [
                -0.00018087836731914606,
                0.0016956943512866846,
                0.00032946123133637033
            ],
            [
                0.0003294849442819307,
                0.00032946123133637033,
                0.0015086310044304327
            ]
        ],
        [
            [
                0.001050388740953032,
                1.7526307934124034e-06,
                -4.029477759970576e-07
            ],
            [
                1.7526307934124034e-06,
                0.001975519117502927,
                1.074231606509424e-07
            ],
            [
                -4.029477759970576e-07,
                1.074231606509424e-07,
                0.0018671767982907847
            ]
        ],
        [
            [
                0.0019498334912214385,
                1.5964180002497055e-06,
                -1.1469772928710866e-06
            ],
            [
                1.5964180002497055e-06,
                0.001067924765872722,
                -1.3599428659158258e-07
            ],
            [
                -1.1469772928710866e-06,
                -1.3599428659158258e-07,
                0.0018648367705239523
            ]
        ],
        [
            [
                0.0016967031194971983,
                -0.00018087836731937035,
                0.00032948494428184456
            ],
            [
                -0.00018087836731937035,
                0.0016956943512871788,
                0.00032946123133651534
            ],
            [
                0.00032948494428184456,
                0.00032946123133651534,
                0.001508631004430208
            ]
        ],
        [
            [
                0.0016960890374034632,
                -0.00018133047343185912,
                -0.0003231870964220269
            ],
            [
                -0.00018133047343185912,
                0.0016937326179444314,
                -0.00032169486948944054
            ],
            [
                -0.0003231870964220269,
                -0.00032169486948944054,
                0.0015063326584716442
            ]
        ],
        [
            [
                0.0016959743797099374,
                0.00018334254850279708,
                0.00032945074011552785
            ],
            [
                0.00018334254850279708,
                0.0016947262522717644,
                -0.00032959564260960313
            ],
            [
                0.00032945074011552785,
                -0.00032959564260960313,
                0.0015083358694054324
            ]
        ],
        [
            [
                0.001694550893757404,
                0.00018366386007900943,
                -0.00032245651256171203
            ],
            [
                0.00018366386007900943,
                0.0016925605294635137,
                0.000320899035520566
            ],
            [
                -0.00032245651256171203,
                0.000320899035520566,
                0.00150627318156058
            ]
        ],
        [
            [
                0.00105038874095304,
                1.7526307934404806e-06,
                -4.029477761747243e-07
            ],
            [
                1.7526307934404806e-06,
                0.001975519117502787,
                1.0742316055058474e-07
            ],
            [
                -4.029477761747243e-07,
                1.0742316055058474e-07,
                0.0018671767982907641
            ]
        ],
        [
            [
                0.001949833491221634,
                1.596418000256382e-06,
                -1.1469772925382054e-06
            ],
            [
                1.596418000256382e-06,
                0.0010679247658728652,
                -1.3599428644541712e-07
            ],
            [
                -1.1469772925382054e-06,
                -1.3599428644541712e-07,
                0.0018648367705245393
            ]
        ],
        [
            [
                0.0005274799753071044,
                8.801501715125352e-07,
                1.3720790048237247e-05
            ],
            [
                8.801501715125352e-07,
                0.0005278290728715459,
                -6.99269397178034e-07
            ],
            [
                1.3720790048237247e-05,
                -6.99269397178034e-07,
                0.000532663004321391
            ]
        ],
        [
            [
                0.000524537266126821,
                1.4360853850921768e-06,
                -8.268768782516718e-06
            ],
            [
                1.4360853850921768e-06,
                0.0005107599186678391,
                -3.307577059792008e-07
            ],
            [
                -8.268768782516718e-06,
                -3.307577059792008e-07,
                0.0005128572110051164
            ]
        ],
        [
            [
                0.0005236057316975563,
                6.21050686549431e-06,
                7.535815053061984e-06
            ],
            [
                6.21050686549431e-06,
                0.0005611426267915919,
                8.595791836669864e-07
            ],
            [
                7.535815053061984e-06,
                8.595791836669864e-07,
                0.0005220183224273241
            ]
        ],
        [
            [
                0.0005244811699439716,
                -3.867779586651363e-06,
                7.768921595510984e-06
            ],
            [
                -3.867779586651363e-06,
                0.0005613873767652883,
                -1.235684786547995e-06
            ],
            [
                7.768921595510984e-06,
                -1.235684786547995e-06,
                0.0005233231966804788
            ]
        ],
        [
            [
                0.00048184638362789927,
                1.618774899561585e-06,
                -0.00013373959601943112
            ],
            [
                1.618774899561585e-06,
                0.0007519733554529852,
                -1.7412812225200547e-06
            ],
            [
                -0.00013373959601943112,
                -1.7412812225200547e-06,
                0.0005793663716051454
            ]
        ],
        [
            [
                0.0004888789594472601,
                6.087954941666089e-07,
                0.00015072264603879733
            ],
            [
                6.087954941666089e-07,
                0.0007246386957855304,
                -7.684142673508394e-07
            ],
            [
                0.00015072264603879733,
                -7.684142673508394e-07,
                0.0005877968626325374
            ]
        ],
        [
            [
                0.0006870138327013171,
                -8.179680831451464e-06,
                2.0185664967106607e-05
            ],
            [
                -8.179680831451464e-06,
                0.0005188798448726385,
                -0.0001670854135343239
            ],
            [
                2.0185664967106607e-05,
                -0.0001670854135343239,
                0.0006128357258706673
            ]
        ],
        [
            [
                0.0006887774727245276,
                1.0643327754690917e-05,
                2.122985131921105e-05
            ],
            [
                1.0643327754690917e-05,
                0.0005184955604415458,
                0.00016611939564851864
            ],
            [
                2.122985131921105e-05,
                0.00016611939564851864,
                0.0006122932871999506
            ]
        ]
    ],
    "debye_waller_unit": "angstrom ** 2",
    "temperature": 5.0,
    "temperature_unit": "kelvin"
}