{
    "__euphonic_class__": "DebyeWaller",
    "__euphonic_version__": "0.6.1",
    "crystal": {
        "atom_mass": [
            15.999400000000001,
            15.999400000000001,
            15.999400000000001,
            15.999400000000001,
            15.999400000000001,
            15.999400000000001,
            15.999400000000001,
            15.999400000000001,
            15.999400000000001,
            15.999400000000001,
            15.999400000000001,
            15.999400000000001,
            15.999400000000001,
            15.999400000000001,
            91.22400000000002,
            91.22400000000002,
            91.22400000000002,
            91.22400000000002,
            138.9055,
            138.9055,
            138.9055,
            138.9055
        ],
        "atom_mass_unit": "unified_atomic_mass_unit",
        "atom_r": [
            [
                0.125,
                0.125,
                0.125
            ],
            [
                0.875,
                0.875,
                0.875
            ],
            [
                0.418619,
                0.418619,
                0.831381
            ],
            [
                0.831381,
                0.831381,
                0.418619
            ],
            [
                0.418619,
                0.831381,
                0.418619
            ],
            [
                0.831381,
                0.418619,
                0.831381
            ],
            [
                0.831381,
                0.418619,
                0.418619
            ],
            [
                0.418619,
                0.831381,
                0.831381
            ],
            [
                0.168619,
                0.581381,
                0.168619
            ],
            [
                0.581381,
                0.168619,
                0.581381
            ],
            [
                0.168619,
                0.168619,
                0.581381
            ],
            [
                0.581381,
                0.581381,
                0.168619
            ],
            [
                0.168619,
                0.581381,
                0.581381
            ],
            [
                0.581381,
                0.168619,
                0.168619
            ],
            [
                0.5,
                0.5,
                0.5
            ],
            [
                0.0,
                0.5,
                0.5
            ],
            [
                0.5,
                0.0,
                0.5
            ],
            [
                0.5,
                0.5,
                0.0
            ],
            [
                0.0,
                0.0,
                0.0
            ],
            [
                0.5,
                0.0,
                0.0
            ],
            [
                0.0,
                0.5,
                0.0
            ],
            [
                0.0,
                0.0,
                0.5
            ]
        ],
        "atom_type": [
            "O",
            "O",
            "O",
            "O",
            "O",
            "O",
            "O",
            "O",
            "O",
            "O",
            "O",
            "O",
            "O",
            "O",
            "Zr",
            "Zr",
            "Zr",
            "Zr",
            "La",
            "La",
            "La",
            "La"
        ],
        "cell_vectors": [
            [
                7.583913,
                0.0,
                0.0
            ],
            [
                3.791956,
                3.791956,
                5.362636
            ],
            [
                3.791956,
                -3.791956,
                5.362636
            ]
        ],
        "cell_vectors_unit": "angstrom",
        "n_atoms": 22
    },
    "debye_waller": [
        [
            [
                0.0022611032994312337,
                5.43235256171611e-05,
                4.1227839278602044e-05
            ],
            [
                5.43235256171611e-05,
                0.00241619332392643,
                -3.2804763286626257e-06
            ],
            [
                4.1227839278602044e-05,
                -3.2804763286626257e-06,
                0.0022019331451459097
            ]
        ],
        [
            [
                0.0022611032994307827,
                5.432352561674422e-05,
                4.1227839278660916e-05
            ],
            [
                5.432352561674422e-05,
                0.002416193323925475,
                -3.280476329479048e-06
            ],
            [
                4.1227839278660916e-05,
                -3.280476329479048e-06,
                0.0022019331451461985
            ]
        ],
        [
            [
                0.0032604726068109404,
                0.00047537968634658547,
                -0.0008346582836658499
            ],
            [
                0.00047537968634658547,
                0.003255369474788223,
                0.0008183350769165788
            ],
            [
                -0.0008346582836658499,
                0.0008183350769165788,
                0.002743626416855275
            ]
        ],
        [
            [
                0.0032721767575402566,
                0.00048213360060271403,
                0.0008558389830368036
            ],
            [
                0.00048213360060271403,
                0.0032651765880064767,
                -0.0008617740467314342
            ],
            [
                0.0008558389830368036,
                -0.0008617740467314342,
                0.002738651955825553
            ]
        ],
        [
            [
                0.003249868433678303,
                -0.00043880807124069304,
                -0.0008062967767867166
            ],
            [
                -0.00043880807124069304,
                0.0032389512368150375,
                -0.0007864463443518519
            ],
            [
                -0.0008062967767867166,
                -0.0007864463443518519,
                0.002728928941438917
            ]
        ],
        [
            [
                0.0032470943128804163,
                -0.00045012680612840445,
                0.000819761460188639
            ],
            [
                -0.00045012680612840445,
                0.0032518975854665994,
                0.0008310961698598849
            ],
            [
                0.000819761460188639,
                0.0008310961698598849,
                0.002728763647359069
            ]
        ],
        [
            [
                0.0015985183852767345,
                1.2439902764189711e-05,
                -1.0414510303621861e-05
            ],
            [
                1.2439902764189711e-05,
                0.003954670448762243,
                7.367536039952179e-06
            ],
            [
                -1.0414510303621861e-05,
                7.367536039952179e-06,
                0.003657985857279492
            ]
        ],
        [
            [
                0.003843688753759728,
                1.8008675741242782e-05,
                -1.768061130017541e-05
            ],
            [
                1.8008675741242782e-05,
                0.0017310702910490203,
                1.0155995687700698e-08
            ],
            [
                -1.768061130017541e-05,
                1.0155995687700698e-08,
                0.003619043409516453
            ]
        ],
        [
            [
                0.0032470943128802745,
                -0.0004501268061279781,
                0.000819761460188532
            ],
            [
                -0.0004501268061279781,
                0.0032518975854670296,
                0.0008310961698601403
            ],
            [
                0.000819761460188532,
                0.0008310961698601403,
                0.002728763647359152
            ]
        ],
        [
            [
                0.003249868433676654,
                -0.00043880807124069054,
                -0.0008062967767865569
            ],
            [
                -0.00043880807124069054,
                0.00323895123681579,
                -0.0007864463443513238
            ],
            [
                -0.0008062967767865569,
                -0.0007864463443513238,
                0.0027289289414388174
            ]
        ],
        [
            [
                0.0032721767575406967,
                0.00048213360060268205,
                0.0008558389830366291
            ],
            [
                0.00048213360060268205,
                0.003265176588005808,
                -0.0008617740467316918
            ],
            [
                0.0008558389830366291,
                -0.0008617740467316918,
                0.00273865195582454
            ]
        ],
        [
            [
                0.0032604726068089143,
                0.00047537968634662597,
                -0.0008346582836651699
            ],
            [
                0.00047537968634662597,
                0.0032553694747881603,
                0.0008183350769168851
            ],
            [
                -0.0008346582836651699,
                0.0008183350769168851,
                0.0027436264168546726
            ]
        ],
        [
            [
                0.001598518385276889,
                1.2439902763868257e-05,
                -1.0414510303331164e-05
            ],
            [
                1.2439902763868257e-05,
                0.003954670448762737,
                7.3675360398311e-06
            ],
            [
                -1.0414510303331164e-05,
                7.3675360398311e-06,
                0.0036579858572790137
            ]
        ],
        [
            [
                0.0038436887537597647,
                1.800867574102859e-05,
                -1.7680611300360273e-05
            ],
            [
                1.800867574102859e-05,
                0.0017310702910498296,
                1.0155995357304876e-08
            ],
            [
                -1.7680611300360273e-05,
                1.0155995357304876e-08,
                0.003619043409516416
            ]
        ],
        [
            [
                0.0015842077194863147,
                4.280337511713049e-05,
                3.125330973941146e-05
            ],
            [
                4.280337511713049e-05,
                0.0017052531210170925,
                2.482479800968467e-05
            ],
            [
                3.125330973941146e-05,
                2.482479800968467e-05,
                0.0016401603206636175
            ]
        ],
        [
            [
                0.0015592584883482518,
                4.151115587722527e-05,
                1.2818892071854491e-05
            ],
            [
                4.151115587722527e-05,
                0.001598450331632853,
                -3.0031694230406405e-05
            ],
            [
                1.2818892071854491e-05,
                -3.0031694230406405e-05,
                0.0015084470010968654
            ]
        ],
        [
            [
                0.0016528471158098604,
                7.923661003021662e-05,
                7.653545885518957e-05
            ],
            [
                7.923661003021662e-05,
                0.0018568901796985225,
                -5.292754949329696e-05
            ],
            [
                7.653545885518957e-05,
                -5.292754949329696e-05,
                0.0015673673313272708
            ]
        ],
        [
            [
                0.00165060558860547,
                9.480284211151649e-06,
                2.8001408143738846e-05
            ],
            [
                9.480284211151649e-06,
                0.0018565175423711803,
                5.580505511592529e-05
            ],
            [
                2.8001408143738846e-05,
                5.580505511592529e-05,
                0.0015711961178858046
            ]
        ],
        [
            [
                0.002014202929532361,
                7.62936780255496e-05,
                -0.0009987009331088167
            ],
            [
                7.62936780255496e-05,
                0.004522646538712844,
                1.8320533284878883e-05
            ],
            [
                -0.0009987009331088167,
                1.8320533284878883e-05,
                0.002712158998691598
            ]
        ],
        [
            [
                0.002096758408527561,
                3.962525014556475e-05,
                0.001159936839629149
            ],
            [
                3.962525014556475e-05,
                0.004045372614954286,
                -6.434536585277233e-05
            ],
            [
                0.001159936839629149,
                -6.434536585277233e-05,
                0.0028073127678031485
            ]
        ],
        [
            [
                0.0036266793569085386,
                -9.106723777196447e-05,
                0.0003220769887964896
            ],
            [
                -9.106723777196447e-05,
                0.002516165345836913,
                -0.0014892198955417098
            ],
            [
                0.0003220769887964896,
                -0.0014892198955417098,
                0.0032633579547242265
            ]
        ],
        [
            [
                0.0036682793367574795,
                0.0001925723740783038,
                0.00023411019584620828
            ],
            [
                0.0001925723740783038,
                0.0025108142058898235,
                0.0014680384216184661
            ],
            [
                0.00023411019584620828,
                0.0014680384216184661,
                0.003224515678032952
            ]
        ]
    ],
    "debye_waller_unit": "angstrom ** 2",
    "temperature": 300.0,
    "temperature_unit": "kelvin"
}