{
    "__euphonic_class__": "DebyeWaller",
    "__euphonic_version__": "0.6.1",
    "crystal": {
        "atom_mass": [
            15.999399987607514,
            15.999399987607514,
            15.999399987607514,
            15.999399987607514,
            15.999399987607514,
            15.999399987607514,
            15.999399987607514,
            15.999399987607514,
            15.999399987607514,
            15.999399987607514,
            15.999399987607514,
            15.999399987607514,
            15.999399987607514,
            15.999399987607514,
            91.2239999293416,
            91.2239999293416,
            91.2239999293416,
            91.2239999293416,
            138.90549989240947,
            138.90549989240947,
            138.90549989240947,
            138.90549989240947
        ],
        "atom_mass_unit": "unified_atomic_mass_unit",
        "atom_r": [
            [
                0.125,
                0.125,
                0.125
            ],
            [
                0.875,
                0.875,
                0.875
            ],
            [
                0.418619427458359,
                0.418619427458359,
                0.831380572541641
            ],
            [
                0.831380572541641,
                0.831380572541641,
                0.418619427458359
            ],
            [
                0.418619427458359,
                0.831380572541641,
                0.418619427458359
            ],
            [
                0.831380572541641,
                0.418619427458359,
                0.831380572541641
            ],
            [
                0.831380572541641,
                0.418619427458359,
                0.418619427458359
            ],
            [
                0.418619427458359,
                0.831380572541641,
                0.831380572541641
            ],
            [
                0.168619427458359,
                0.581380572541641,
                0.168619427458359
            ],
            [
                0.581380572541641,
                0.168619427458359,
                0.581380572541641
            ],
            [
                0.168619427458359,
                0.168619427458359,
                0.581380572541641
            ],
            [
                0.581380572541641,
                0.581380572541641,
                0.168619427458359
            ],
            [
                0.168619427458359,
                0.581380572541641,
                0.581380572541641
            ],
            [
                0.581380572541641,
                0.168619427458359,
                0.168619427458359
            ],
            [
                0.5,
                0.5,
                0.5
            ],
            [
                0.0,
                0.5,
                0.5
            ],
            [
                0.5,
                0.0,
                0.5
            ],
            [
                0.5,
                0.5,
                0.0
            ],
            [
                0.0,
                0.0,
                0.0
            ],
            [
                0.5,
                0.0,
                0.0
            ],
            [
                0.0,
                0.5,
                0.0
            ],
            [
                0.0,
                0.0,
                0.5
            ]
        ],
        "atom_type": [
            "O",
            "O",
            "O",
            "O",
            "O",
            "O",
            "O",
            "O",
            "O",
            "O",
            "O",
            "O",
            "O",
            "O",
            "Zr",
            "Zr",
            "Zr",
            "Zr",
            "La",
            "La",
            "La",
            "La"
        ],
        "cell_vectors": [
            [
                7.583912824349999,
                1.8412792137035698e-32,
                0.0
            ],
            [
                3.791956412170034,
                3.791956412170034,
                5.362636186024768
            ],
            [
                3.791956412170034,
                -3.791956412170034,
                5.362636186024768
            ]
        ],
        "cell_vectors_unit": "angstrom",
        "n_atoms": 22
    },
    "debye_waller": [
        [
            [
                0.002261119465450414,
                5.432469181005707e-05,
                4.1230556951628314e-05
            ],
            [
                5.432469181005707e-05,
                0.0024162070870780246,
                -3.279839067553453e-06
            ],
            [
                4.1230556951628314e-05,
                -3.279839067553453e-06,
                0.0022019458506246084
            ]
        ],
        [
            [
                0.0022610871151166126,
                5.432235976531957e-05,
                4.122512869153608e-05
            ],
            [
                5.432235976531957e-05,
                0.002416179530324539,
                -3.2811135104828006e-06
            ],
            [
                4.122512869153608e-05,
                -3.2811135104828006e-06,
                0.002201920432704651
            ]
        ],
        [
            [
                0.003260457959705815,
                0.00047537718913820664,
                -0.0008346515040571778
            ],
            [
                0.00047537718913820664,
                0.0032553574637994537,
                0.0008183294604658202
            ],
            [
                -0.0008346515040571778,
                0.0008183294604658202,
                0.00274362003389959
            ]
        ],
        [
            [
                0.003272152749199569,
                0.0004821238736441818,
                0.0008558302995239936
            ],
            [
                0.0004821238736441818,
                0.003265137924748505,
                -0.0008617645756471429
            ],
            [
                0.0008558302995239936,
                -0.0008617645756471429,
                0.0027386327280147314
            ]
        ],
        [
            [
                0.0032498607193207968,
                -0.0004388057726423083,
                -0.0008062941758695636
            ],
            [
                -0.0004388057726423083,
                0.003238943479083782,
                -0.0007864427423164844
            ],
            [
                -0.0008062941758695636,
                -0.0007864427423164844,
                0.002728931385657267
            ]
        ],
        [
            [
                0.003247068692563016,
                -0.00045011656669804306,
                0.000819753309188384
            ],
            [
                -0.00045011656669804306,
                0.0032518584397119746,
                0.0008310885180215848
            ],
            [
                0.000819753309188384,
                0.0008310885180215848,
                0.002728749267330561
            ]
        ],
        [
            [
                0.0015985169734128632,
                1.2437048431112534e-05,
                -1.0419436567900374e-05
            ],
            [
                1.2437048431112534e-05,
                0.003954663876734176,
                7.368757596980415e-06
            ],
            [
                -1.0419436567900374e-05,
                7.368757596980415e-06,
                0.003657959401198566
            ]
        ],
        [
            [
                0.0038436788269826756,
                1.800675637417889e-05,
                -1.7674685678543594e-05
            ],
            [
                1.800675637417889e-05,
                0.0017310678056227042,
                1.023443239381743e-08
            ],
            [
                -1.7674685678543594e-05,
                1.023443239381743e-08,
                0.003619018828614475
            ]
        ],
        [
            [
                0.0032471199088409584,
                -0.00045013704362015895,
                0.0008197696169229214
            ],
            [
                -0.00045013704362015895,
                0.0032519366969596224,
                0.0008311038205767366
            ],
            [
                0.0008197696169229214,
                0.0008311038205767366,
                0.002728778013480503
            ]
        ],
        [
            [
                0.0032498761212624233,
                -0.0004388103709186097,
                -0.0008062993709869744
            ],
            [
                -0.0004388103709186097,
                0.0032389589611192143,
                -0.0007864499463741793
            ],
            [
                -0.0008062993709869744,
                -0.0007864499463741793,
                0.002728926483622788
            ]
        ],
        [
            [
                0.0032722007409223567,
                0.0004821433260096628,
                0.0008558476726540261
            ],
            [
                0.0004821433260096628,
                0.003265215217153716,
                -0.0008617835159180963
            ],
            [
                0.0008558476726540261,
                -0.0008617835159180963,
                0.002738671168850818
            ]
        ],
        [
            [
                0.0032604872272999604,
                0.00047538218463441415,
                -0.0008346650565621317
            ],
            [
                0.00047538218463441415,
                0.0032553814517192244,
                0.0008183406932597392
            ],
            [
                -0.0008346650565621317,
                0.0008183406932597392,
                0.002743632786102725
            ]
        ],
        [
            [
                0.0015985197752180706,
                1.2442756926819705e-05,
                -1.0409579212674749e-05
            ],
            [
                1.2442756926819705e-05,
                0.003954676989383169,
                7.366314907776025e-06
            ],
            [
                -1.0409579212674749e-05,
                7.366314907776025e-06,
                0.003658012298235702
            ]
        ],
        [
            [
                0.003843698655733477,
                1.8010595005445673e-05,
                -1.7686528778404987e-05
            ],
            [
                1.8010595005445673e-05,
                0.0017310727418299754,
                1.0077989496711286e-08
            ],
            [
                -1.7686528778404987e-05,
                1.0077989496711286e-08,
                0.0036190679771675865
            ]
        ],
        [
            [
                0.0015842077088491673,
                4.2803375048280894e-05,
                3.125331247781868e-05
            ],
            [
                4.2803375048280894e-05,
                0.0017052531030364254,
                2.4824798047369997e-05
            ],
            [
                3.125331247781868e-05,
                2.4824798047369997e-05,
                0.0016401603127493484
            ]
        ],
        [
            [
                0.0015592584811514357,
                4.1511156364550644e-05,
                1.2818895572514609e-05
            ],
            [
                4.1511156364550644e-05,
                0.0015984503195457943,
                -3.0031694681432097e-05
            ],
            [
                1.2818895572514609e-05,
                -3.0031694681432097e-05,
                0.0015084469975575432
            ]
        ],
        [
            [
                0.0016528471037208124,
                7.92366091712742e-05,
                7.653546245611133e-05
            ],
            [
                7.92366091712742e-05,
                0.0018568901647875355,
                -5.292754919231198e-05
            ],
            [
                7.653546245611133e-05,
                -5.292754919231198e-05,
                0.0015673673254240482
            ]
        ],
        [
            [
                0.0016506055776047406,
                9.480285955608055e-06,
                2.8001411189551445e-05
            ],
            [
                9.480285955608055e-06,
                0.0018565175277476538,
                5.580505544359346e-05
            ],
            [
                2.8001411189551445e-05,
                5.580505544359346e-05,
                0.001571196113368738
            ]
        ],
        [
            [
                0.0020142029242652786,
                7.629368020781557e-05,
                -0.0009987009328102025
            ],
            [
                7.629368020781557e-05,
                0.0045226465552342604,
                1.8320532342411063e-05
            ],
            [
                -0.0009987009328102025,
                1.8320532342411063e-05,
                0.002712159002891829
            ]
        ],
        [
            [
                0.0020967584037195467,
                3.9625251275386086e-05,
                0.001159936846443444
            ],
            [
                3.9625251275386086e-05,
                0.004045372607530362,
                -6.434536377502385e-05
            ],
            [
                0.001159936846443444,
                -6.434536377502385e-05,
                0.0028073127692469658
            ]
        ],
        [
            [
                0.003626679358971964,
                -9.106724128112991e-05,
                0.00032207700014549916
            ],
            [
                -9.106724128112991e-05,
                0.0025161653373070754,
                -0.0014892199015545538
            ],
            [
                0.00032207700014549916,
                -0.0014892199015545538,
                0.0032633579615941838
            ]
        ],
        [
            [
                0.0036682793353958413,
                0.0001925723784406858,
                0.000234110206343907
            ],
            [
                0.0001925723784406858,
                0.0025108141980422064,
                0.0014680384274721023
            ],
            [
                0.000234110206343907,
                0.0014680384274721023,
                0.0032245156838257116
            ]
        ]
    ],
    "debye_waller_unit": "angstrom ** 2",
    "temperature": 300.0,
    "temperature_unit": "kelvin"
}