{
    "__euphonic_class__": "DebyeWaller",
    "__euphonic_version__": "0.6.0",
    "crystal": {
        "atom_mass": [
            15.999400000000001,
            15.999400000000001,
            15.999400000000001,
            15.999400000000001,
            15.999400000000001,
            15.999400000000001,
            15.999400000000001,
            15.999400000000001,
            15.999400000000001,
            15.999400000000001,
            15.999400000000001,
            15.999400000000001,
            15.999400000000001,
            15.999400000000001,
            91.22400000000002,
            91.22400000000002,
            91.22400000000002,
            91.22400000000002,
            138.9055,
            138.9055,
            138.9055,
            138.9055
        ],
        "atom_mass_unit": "unified_atomic_mass_unit",
        "atom_r": [
            [
                0.125,
                0.125,
                0.125
            ],
            [
                0.875,
                0.875,
                0.875
            ],
            [
                0.418619,
                0.418619,
                0.831381
            ],
            [
                0.831381,
                0.831381,
                0.418619
            ],
            [
                0.418619,
                0.831381,
                0.418619
            ],
            [
                0.831381,
                0.418619,
                0.831381
            ],
            [
                0.831381,
                0.418619,
                0.418619
            ],
            [
                0.418619,
                0.831381,
                0.831381
            ],
            [
                0.168619,
                0.581381,
                0.168619
            ],
            [
                0.581381,
                0.168619,
                0.581381
            ],
            [
                0.168619,
                0.168619,
                0.581381
            ],
            [
                0.581381,
                0.581381,
                0.168619
            ],
            [
                0.168619,
                0.581381,
                0.581381
            ],
            [
                0.581381,
                0.168619,
                0.168619
            ],
            [
                0.5,
                0.5,
                0.5
            ],
            [
                0.0,
                0.5,
                0.5
            ],
            [
                0.5,
                0.0,
                0.5
            ],
            [
                0.5,
                0.5,
                0.0
            ],
            [
                0.0,
                0.0,
                0.0
            ],
            [
                0.5,
                0.0,
                0.0
            ],
            [
                0.0,
                0.5,
                0.0
            ],
            [
                0.0,
                0.0,
                0.5
            ]
        ],
        "atom_type": [
            "O",
            "O",
            "O",
            "O",
            "O",
            "O",
            "O",
            "O",
            "O",
            "O",
            "O",
            "O",
            "O",
            "O",
            "Zr",
            "Zr",
            "Zr",
            "Zr",
            "La",
            "La",
            "La",
            "La"
        ],
        "cell_vectors": [
            [
                7.583913,
                0.0,
                0.0
            ],
            [
                3.791956,
                3.791956,
                5.362636
            ],
            [
                3.791956,
                -3.791956,
                5.362636
            ]
        ],
        "cell_vectors_unit": "angstrom",
        "n_atoms": 22
    },
    "debye_waller": [
        [
            [
                0.001327026799943565,
                -1.7205584671969524e-16,
                -3.5116415023304274e-07
            ],
            [
                -1.7205584671969524e-16,
                0.001327523421049517,
                -5.335448756794394e-17
            ],
            [
                -3.5116415023304274e-07,
                -5.335448756794394e-17,
                0.0013272751104960697
            ]
        ],
        [
            [
                0.0013270267999435426,
                -1.716403736463357e-16,
                -3.5116415022311403e-07
            ],
            [
                -1.716403736463357e-16,
                0.0013275234210496241,
                -3.9892188825324575e-17
            ],
            [
                -3.5116415022311403e-07,
                -3.9892188825324575e-17,
                0.0013272751104960233
            ]
        ],
        [
            [
                0.0016912241977983691,
                0.00018165948378625856,
                -0.00032397730506249765
            ],
            [
                0.00018165948378625856,
                0.0016916455936095605,
                0.0003236793332297319
            ],
            [
                -0.00032397730506249765,
                0.0003236793332297319,
                0.001509775411916198
            ]
        ],
        [
            [
                0.001691208497351068,
                0.00018157673592840144,
                0.0003233183889093261
            ],
            [
                0.00018157673592840144,
                0.0016916999707309026,
                -0.00032366591306627867
            ],
            [
                0.0003233183889093261,
                -0.00032366591306627867,
                0.0015098774981121485
            ]
        ],
        [
            [
                0.0016912241977989212,
                -0.00018165948378616602,
                -0.0003239773050627724
            ],
            [
                -0.00018165948378616602,
                0.0016916455936095945,
                -0.0003236793332296984
            ],
            [
                -0.0003239773050627724,
                -0.0003236793332296984,
                0.0015097754119161868
            ]
        ],
        [
            [
                0.0016912084973506466,
                -0.00018157673592864268,
                0.0003233183889091492
            ],
            [
                -0.00018157673592864268,
                0.0016916999707307897,
                0.0003236659130661826
            ],
            [
                0.0003233183889091492,
                0.0003236659130661826,
                0.0015098774981119828
            ]
        ],
        [
            [
                0.0010518130110992868,
                -6.882199102988991e-18,
                -2.979718338248152e-07
            ],
            [
                -6.882199102988991e-18,
                0.0019677378127365033,
                2.32184783829901e-16
            ],
            [
                -2.979718338248152e-07,
                2.32184783829901e-16,
                0.00187309437948915
            ]
        ],
        [
            [
                0.0019673644853593865,
                -1.8411201047491288e-17,
                -3.475241575329324e-07
            ],
            [
                -1.8411201047491288e-17,
                0.001052390510865195,
                1.9899871796224555e-17
            ],
            [
                -3.475241575329324e-07,
                1.9899871796224555e-17,
                0.0018730309699685457
            ]
        ],
        [
            [
                0.001691208497350715,
                -0.00018157673592858595,
                0.00032331838890918736
            ],
            [
                -0.00018157673592858595,
                0.0016916999707306147,
                0.00032366591306616066
            ],
            [
                0.00032331838890918736,
                0.00032366591306616066,
                0.0015098774981118991
            ]
        ],
        [
            [
                0.0016912241977986434,
                -0.00018165948378625246,
                -0.0003239773050627029
            ],
            [
                -0.00018165948378625246,
                0.0016916455936097671,
                -0.0003236793332296924
            ],
            [
                -0.0003239773050627029,
                -0.0003236793332296924,
                0.0015097754119162167
            ]
        ],
        [
            [
                0.0016912084973509827,
                0.00018157673592838046,
                0.00032331838890930337
            ],
            [
                0.00018157673592838046,
                0.0016916999707309115,
                -0.00032366591306620955
            ],
            [
                0.00032331838890930337,
                -0.00032366591306620955,
                0.0015098774981121342
            ]
        ],
        [
            [
                0.0016912241977982353,
                0.00018165948378621864,
                -0.00032397730506252573
            ],
            [
                0.00018165948378621864,
                0.0016916455936095527,
                0.00032367933322974317
            ],
            [
                -0.00032397730506252573,
                0.00032367933322974317,
                0.001509775411916315
            ]
        ],
        [
            [
                0.0010518130110992057,
                4.5564303179057935e-17,
                -2.979718337705482e-07
            ],
            [
                4.5564303179057935e-17,
                0.0019677378127365163,
                2.586384991558075e-16
            ],
            [
                -2.979718337705482e-07,
                2.586384991558075e-16,
                0.0018730943794889629
            ]
        ],
        [
            [
                0.0019673644853592273,
                -2.1114760515627494e-17,
                -3.475241575001062e-07
            ],
            [
                -2.1114760515627494e-17,
                0.0010523905108652087,
                6.199316708818597e-17
            ],
            [
                -3.475241575001062e-07,
                6.199316708818597e-17,
                0.0018730309699685438
            ]
        ],
        [
            [
                0.0005349831879286424,
                5.236902151473087e-17,
                8.901328010440976e-06
            ],
            [
                5.236902151473087e-17,
                0.000522394809134024,
                -1.1582451082534425e-17
            ],
            [
                8.901328010440976e-06,
                -1.1582451082534425e-17,
                0.000528688998531094
            ]
        ],
        [
            [
                0.0005350229353882782,
                -3.044052125699863e-17,
                -9.5375442431173e-06
            ],
            [
                -3.044052125699863e-17,
                0.0005226303770203302,
                5.577624251366751e-18
            ],
            [
                -9.5375442431173e-06,
                5.577624251366751e-18,
                0.0005289861265920048
            ]
        ],
        [
            [
                0.0005221623291875723,
                -7.973519396518039e-08,
                -3.8734109217100416e-07
            ],
            [
                -7.973519396518039e-08,
                0.0005356504536089467,
                9.150203151042423e-06
            ],
            [
                -3.8734109217100416e-07,
                9.150203151042423e-06,
                0.0005288266562040396
            ]
        ],
        [
            [
                0.0005221623291875845,
                7.973519397404892e-08,
                -3.8734109216978094e-07
            ],
            [
                7.973519397404892e-08,
                0.0005356504536088759,
                -9.150203151040326e-06
            ],
            [
                -3.8734109216978094e-07,
                -9.150203151040326e-06,
                0.0005288266562040677
            ]
        ],
        [
            [
                0.0004956728635936657,
                -3.6064618172682015e-18,
                -0.00015299352902889418
            ],
            [
                -3.6064618172682015e-18,
                0.0007120383873027137,
                -4.5839969223926027e-17
            ],
            [
                -0.00015299352902889418,
                -4.5839969223926027e-17,
                0.0006038556254476062
            ]
        ],
        [
            [
                0.0004956746041375286,
                6.856549581411456e-17,
                0.0001523548654542878
            ],
            [
                6.856549581411456e-17,
                0.000712183205862271,
                6.9242831641515875e-18
            ],
            [
                0.0001523548654542878,
                6.9242831641515875e-18,
                0.000603918554307709
            ]
        ],
        [
            [
                0.0007116548881627794,
                5.1753461675155755e-09,
                -3.699175045021057e-07
            ],
            [
                5.1753461675155755e-09,
                0.0004961925711446132,
                -0.00015272478295909965
            ],
            [
                -3.699175045021057e-07,
                -0.00015272478295909965,
                0.0006039289049995146
            ]
        ],
        [
            [
                0.0007116548881627867,
                -5.175346182762109e-09,
                -3.6991750462869143e-07
            ],
            [
                -5.175346182762109e-09,
                0.0004961925711446481,
                0.0001527247829590666
            ],
            [
                -3.6991750462869143e-07,
                0.0001527247829590666,
                0.0006039289049994597
            ]
        ]
    ],
    "debye_waller_unit": "angstrom ** 2",
    "temperature": 5.0,
    "temperature_unit": "kelvin"
}