#
# CELL written by cell_write: Keith Refson, Oct 2006
#
%BLOCK lattice_cart
   ANG
       2.42617586816788       -4.20225987176430       0.00000000000000
       2.42617586816788        4.20225987176430       0.00000000000000
       0.00000000000000        0.00000000000000       5.35030448598545    
%ENDBLOCK lattice_cart

%BLOCK cell_constraints
      1   1   3
      0   0   0
%ENDBLOCK cell_constraints

%BLOCK positions_frac
   O              0.411708114524831       0.275681856821381       0.279407602909167
   O              0.724318143178620       0.136026257703450       0.946074269575834
   O              0.863973742296550       0.588291885475169       0.612740936242500
   O              0.136026257703450       0.724318143178620       0.053925730424166
   O              0.588291885475169       0.863973742296550       0.387259063757500
   O              0.275681856821381       0.411708114524831       0.720592397090833
   Si             0.464960105504908       0.000000000000000       0.166666666666667
   Si             0.000000000000000       0.464960105504908       0.833333333333333
   Si             0.535039894495092       0.535039894495092       0.500000000000000
%ENDBLOCK positions_frac

FIX_COM : true

%BLOCK species_pot
   O       o-optlda1.recpot
   Si      si-lda1.recpot
%ENDBLOCK species_pot

%BLOCK symmetry_ops
# Symm. op. 1       E
          1.000000000000000       0.000000000000000       0.000000000000000
          0.000000000000000       1.000000000000000       0.000000000000000
          0.000000000000000       0.000000000000000       1.000000000000000
          0.000000000000000       0.000000000000000       0.000000000000000
# Symm. op. 2     3_2
         -0.500000000000000       0.866025403784438       0.000000000000000
         -0.866025403784439      -0.500000000000000       0.000000000000000
          0.000000000000000       0.000000000000000       1.000000000000000
          0.000000000000000       0.000000000000000       0.666666666666667
# Symm. op. 3     3_1
         -0.500000000000000      -0.866025403784438       0.000000000000000
          0.866025403784439      -0.500000000000000       0.000000000000000
          0.000000000000000       0.000000000000000       1.000000000000000
          0.000000000000000       0.000000000000000       0.333333333333333
# Symm. op. 4       2
         -0.500000000000000      -0.866025403784438       0.000000000000000
         -0.866025403784439       0.500000000000000       0.000000000000000
          0.000000000000000       0.000000000000000      -1.000000000000000
          0.000000000000000       0.000000000000000       0.333333333333333
# Symm. op. 5       2
          1.000000000000000       0.000000000000000       0.000000000000000
          0.000000000000000      -1.000000000000000       0.000000000000000
          0.000000000000000       0.000000000000000      -1.000000000000000
          0.000000000000000       0.000000000000000       0.000000000000000
# Symm. op. 6       2
         -0.500000000000000       0.866025403784438       0.000000000000000
          0.866025403784439       0.500000000000000       0.000000000000000
          0.000000000000000       0.000000000000000      -1.000000000000000
          0.000000000000000       0.000000000000000       0.666666666666667
%ENDBLOCK symmetry_ops

kpoint_mp_grid :    5   5   4

phonon_kpoint_mp_grid :    5   5   4

phonon_kpoint_mp_offset :        0.000000000000000       0.000000000000000       0.125000000000000

%BLOCK phonon_fine_kpoint_path
-3.000 0.000 2.325
-3.000 0.000 2.300
-3.000 0.000 2.275
-3.000 0.000 2.250
-3.000 0.000 2.225
-3.000 0.000 2.200
-3.000 0.000 2.175
-3.000 0.000 2.150
-3.000 0.000 2.125
-3.000 0.000 2.100
-3.000 0.000 2.075
-3.000 0.000 2.050
-3.000 0.000 2.025
-3.000 0.000 2.000
-3.000 0.000 1.975
-3.000 0.000 1.950
-3.000 0.000 1.925
-3.000 0.000 1.900
-3.000 0.000 1.875
-3.000 0.000 1.850
-3.000 0.000 1.825
-3.000 0.000 1.800
-3.000 0.000 1.775
-3.000 0.000 1.750
-3.000 0.000 1.725
-3.000 0.000 1.700
-3.000 0.000 1.675
-3.000 0.000 1.650
-3.000 0.000 1.625
-3.000 0.000 1.600
-3.000 0.000 1.575
-3.000 0.000 1.550
-3.000 0.000 1.525
-3.000 0.000 1.500
-3.000 0.000 1.475
-3.000 0.000 1.450
-3.000 0.000 1.425
-3.000 0.000 1.400
-3.000 0.000 1.375
-3.000 0.000 1.350
-3.000 0.000 1.325
-3.000 0.000 1.300
-3.000 0.000 1.275
-3.000 0.000 1.250
-3.000 0.000 1.225
-3.000 0.000 1.200
-3.000 0.000 1.175
-3.000 0.000 1.150
-3.000 0.000 1.125
-3.000 0.000 1.100
-3.000 0.000 1.075
-3.000 0.000 1.050
-3.000 0.000 1.025
-3.000 0.000 1.000
-3.000 0.000 0.975
-3.000 0.000 0.950
-3.000 0.000 0.925
-3.000 0.000 0.900
-3.000 0.000 0.875
-3.000 0.000 0.850
-3.000 0.000 0.825
-3.000 0.000 0.800
-3.000 0.000 0.775
-3.000 0.000 0.750
-3.000 0.000 0.725
-3.000 0.000 0.700
-3.000 0.000 0.675
-3.000 0.000 0.650
-3.000 0.000 0.625
-3.000 0.000 0.600
-3.000 0.000 0.575
-3.000 0.000 0.550
-3.000 0.000 0.525
-3.000 0.000 0.500
-3.000 0.000 0.475
-3.000 0.000 0.450
-3.000 0.000 0.425
-3.000 0.000 0.400
-3.000 0.000 0.375
-3.000 0.000 0.350
-3.000 0.000 0.325
-3.000 0.000 0.300
-3.000 0.000 0.275
-3.000 0.000 0.250
-3.000 0.000 0.225
-3.000 0.000 0.200
-3.000 0.000 0.175
-3.000 0.000 0.150
-3.000 0.000 0.125
-3.000 0.000 0.100
-3.000 0.000 0.075
-3.000 0.000 0.050
-3.000 0.000 0.025
-3.000 0.000 0.000
-3.000 0.000 -0.025
-3.000 0.000 -0.050
-3.000 0.000 -0.075
-3.000 0.000 -0.100
-3.000 0.000 -0.125
-3.000 0.000 -0.150
-3.000 0.000 -0.175
-3.000 0.000 -0.200
-3.000 0.000 -0.225
-3.000 0.000 -0.250
-3.000 0.000 -0.275
-3.000 0.000 -0.300
-3.000 0.000 -0.325
-3.000 0.000 -0.350
-3.000 0.000 -0.375
-3.000 0.000 -0.400
-3.000 0.000 -0.425
-3.000 0.000 -0.450
-3.000 0.000 -0.475
-3.000 0.000 -0.500
-3.000 0.000 -0.525
-3.000 0.000 -0.550
-3.000 0.000 -0.575
-3.000 0.000 -0.600
-3.000 0.000 -0.625
-3.000 0.000 -0.650
-3.000 0.000 -0.675
-3.000 0.000 -0.700
-3.000 0.000 -0.725
-3.000 0.000 -0.750
-3.000 0.000 -0.775
-3.000 0.000 -0.800
-3.000 0.000 -0.825
-3.000 0.000 -0.850
-3.000 0.000 -0.875
-3.000 0.000 -0.900
-3.000 0.000 -0.925
-3.000 0.000 -0.950
-3.000 0.000 -0.975
-3.000 0.000 -1.000
-3.000 0.000 -1.025
-3.000 0.000 -1.050
-3.000 0.000 -1.075
-3.000 0.000 -1.100
-3.000 0.000 -1.125
-3.000 0.000 -1.150
-3.000 0.000 -1.175
-3.000 0.000 -1.200
-3.000 0.000 -1.225
-3.000 0.000 -1.250
-3.000 0.000 -1.275
-3.000 0.000 -1.300
-3.000 0.000 -1.325
-3.000 0.000 -1.350
-3.000 0.000 -1.375
-3.000 0.000 -1.400
-3.000 0.000 -1.425
-3.000 0.000 -1.450
-3.000 0.000 -1.475
-3.000 0.000 -1.500
-3.000 0.000 -1.525
-3.000 0.000 -1.550
-3.000 0.000 -1.575
-3.000 0.000 -1.600
-3.000 0.000 -1.625
-3.000 0.000 -1.650
-3.000 0.000 -1.675
-3.000 0.000 -1.700
-3.000 0.000 -1.725
-3.000 0.000 -1.750
-3.000 0.000 -1.775
-3.000 0.000 -1.800
-3.000 0.000 -1.825
-3.000 0.000 -1.850
-3.000 0.000 -1.875
-3.000 0.000 -1.900
-3.000 0.000 -1.925
-3.000 0.000 -1.950
-3.000 0.000 -1.975
-3.000 0.000 -2.000
-3.000 0.000 -2.025
-3.000 0.000 -2.050
-3.000 0.000 -2.075
-3.000 0.000 -2.100
-3.000 0.000 -2.125
-3.000 0.000 -2.150
-3.000 0.000 -2.175
-3.000 0.000 -2.200
-3.000 0.000 -2.225
-3.000 0.000 -2.250
-3.000 0.000 -2.275
-3.000 0.000 -2.300
-3.000 0.000 -2.325
%ENDBLOCK phonon_fine_kpoint_path

#phonon_fine_kpoint_path_spacing 0.02 1/ang

#%BLOCK phonon_fine_kpoint_list
#0.5 0.5 0.5
#%ENDBLOCK phonon_fine_kpoint_list

#phonon_fine_kpoint_mp_grid : 6 6 6
